# Created by Octave 4.4.0, Thu Oct 04 16:02:29 2018 CEST <adi@adi-thinkpad>
# name: M
# type: scalar
10000


# name: P
# type: matrix
# rows: 1
# columns: 100
 17.916554944539961 37.334493639463091 1.5329009839288275 3.0944013504322081 0.29078244349626714 0.64402697362128247 0.19959835526228553 0.30207606034632217 0.55081863380253937 3.2408264294154217 0.10583955516651944 6.5862808080739175 0.051685495766475409 2.0588319362119187 2.0779521064989122 1.2434387800581628 0.043204004784863637 0.40581391948092804 0.089898965044295176 0.017982431741744742 0.62272999158314613 0.23721356220612333 7.8102528306862222 1.7382529761376513 1.3750533192566898 0.37627285970681412 0.33155701127362724 0.40981211216712921 5.4183063983365347 0.78193714523157043 0.42119975690789757 1.2742579973137884 0.20118682899618134 0.95179080985272324 9.8224545434449535 0.84398532115380132 15.604000637272431 0.82312382117699312 2.7103943720061152 0.16386688031271035 1.6438891078949385 1.3378630842541153 0.36002154380493989 8.9727163372799552 0.75775942140513131 1.4283066750941193 0.88849046819599664 0.12531794284330711 0.67676370269076691 1.1678325250686257 5.8873419701459619 1.9877727192695525 3.6046181651672269 6.9790393610802184 0.25536443089585403 0.00079648837848833587 2.1402934327373053 0.62530401667041358 0.58524135580341285 8.2125283556603463 8.7483841025293501 0.73322259378480115 3.0924786382565888 4.3216571759126108 2.0633325063647114 2.8089910065821595 21.33003213559039 0.37437706805278492 0.048066919543258146 51.021923724386774 1.979908744148398 1.5868139623286379 0.026043767419911878 9.664120637590381 0.79614616508512781 1.6275346825122763 1.714870456722553 2.4813120463427913 1.5536410990937033 0.3539831093392467 4.284593071122373 2.9783549574673143 1.2176962363495596 1.9332692668962261 3.0888939801675672 8.8436527016067643 0.15427666214346325 0.87932124834499725 0.026546544284199891 0.55317293239392584 1.2742745870607868 3.2852040431327989 1.10511232078722 0.34209152432682277 1.0456745862506027 532.72023381538327 0.19805413766361912 4.0406211964137757 1.4248964834420343 0.20034894253795854


# name: U
# type: matrix
# rows: 1
# columns: 10000
 7 14 1 20 19 1 36 8 16 7 13 7 6 24 1 10 7 10 1 1 15 4 3 2 19 4 4 23 6 5 3 7 21 1 10 31 10 7 12 1 1 4 2 1 1 6 7 3 6 26 4 10 17 21 17 2 1 4 23 2 2 5 9 13 3 5 5 4 1 1 7 8 3 5 15 2 6 43 5 1 25 8 18 4 4 4 6 1 22 2 5 6 8 12 19 2 6 2 23 4 35 12 18 15 7 9 20 3 5 10 38 2 3 8 2 2 7 8 6 5 4 12 4 11 15 2 5 7 13 22 4 14 18 6 7 3 16 5 12 28 3 2 22 8 16 1 7 1 13 1 3 13 28 22 4 4 5 7 10 5 11 12 9 14 5 5 1 28 11 1 6 11 4 20 10 14 4 10 1 17 2 1 1 6 2 6 22 26 18 2 18 15 15 8 29 20 11 4 6 16 9 7 5 4 9 31 9 7 4 1 31 40 2 13 28 3 2 2 13 17 10 10 32 13 2 4 8 9 8 21 11 1 3 7 8 28 1 19 16 11 7 5 49 4 2 10 20 19 6 1 6 10 6 9 20 15 21 21 23 29 4 28 11 12 13 8 15 6 7 2 3 2 3 9 2 11 3 4 8 28 31 3 6 5 10 4 7 34 23 6 4 2 22 36 2 6 7 2 16 11 13 3 11 11 1 5 7 11 17 9 15 6 3 37 17 4 52 30 6 4 17 5 16 8 5 7 29 9 2 10 3 7 21 10 1 16 7 1 19 11 16 15 1 5 16 5 5 23 5 5 6 13 38 3 2 2 9 21 10 8 4 11 7 24 10 6 1 17 7 4 23 2 6 17 2 5 16 12 8 11 14 1 5 27 4 3 4 8 5 11 6 49 13 14 10 3 7 4 25 17 6 1 2 16 7 24 19 6 9 1 39 4 9 17 5 5 25 5 13 18 20 11 22 3 11 8 3 21 3 15 24 59 18 28 38 22 2 12 11 1 6 3 5 29 7 7 12 1 4 1 11 8 15 12 22 6 1 4 12 28 16 3 21 5 16 1 2 15 4 7 28 19 2 6 24 9 1 15 11 2 2 11 19 2 9 12 2 9 1 15 1 13 18 4 1 11 2 11 1 6 7 9 24 45 3 1 1 13 4 5 2 27 5 1 18 1 7 2 1 3 3 4 10 28 1 3 15 10 2 3 2 12 16 13 1 29 4 1 22 5 2 3 4 4 26 2 1 2 4 21 2 40 8 1 13 10 11 12 3 30 25 5 2 14 19 7 3 9 6 4 2 5 11 5 5 13 14 1 12 1 7 36 10 12 36 15 6 5 11 4 7 29 5 16 9 42 7 24 11 8 6 5 9 13 2 20 10 4 10 6 9 16 3 1 15 2 4 11 3 2 2 6 16 3 2 2 23 1 10 8 3 6 12 8 10 12 1 17 1 28 2 3 5 17 3 12 2 20 17 2 29 9 14 34 17 9 4 12 4 3 5 4 10 11 16 8 2 1 34 6 10 5 3 1 3 38 8 7 3 6 6 21 21 8 5 40 23 7 2 1 12 11 16 8 3 11 19 6 4 3 3 29 1 2 2 22 4 6 12 15 4 5 7 6 2 23 2 1 1 1 8 6 2 2 5 1 3 32 10 1 12 1 9 27 7 15 5 3 2 4 2 13 16 4 3 18 4 7 42 1 10 15 15 9 3 18 3 14 14 19 13 5 15 3 2 6 2 10 1 18 5 18 30 26 4 12 5 15 5 5 6 8 15 1 7 9 13 16 5 3 8 12 12 2 14 10 8 2 4 31 7 17 14 9 9 41 38 5 3 2 2 12 7 8 4 25 15 2 13 2 17 13 29 5 1 10 15 13 2 32 9 1 6 3 2 4 12 15 2 11 5 20 5 12 28 1 19 1 31 4 3 7 9 5 29 3 9 10 30 19 31 7 11 4 2 11 27 8 4 14 19 8 17 7 13 3 9 15 10 2 17 6 19 11 5 1 6 19 12 1 2 48 3 21 2 8 36 2 11 12 38 3 5 1 2 21 5 2 2 6 19 3 8 4 3 3 4 6 1 6 1 3 2 20 17 15 4 20 38 5 4 20 9 5 1 5 10 1 6 1 4 10 10 5 11 9 2 1 10 1 6 6 8 7 7 2 8 5 36 1 11 28 1 5 4 36 6 4 6 10 18 13 5 10 4 12 3 1 8 10 10 11 10 11 28 2 20 6 5 8 6 3 8 9 1 4 12 47 8 6 24 6 12 11 13 20 4 6 19 11 18 21 6 13 12 3 10 2 8 10 1 21 1 2 20 10 34 1 2 1 23 13 8 6 34 17 30 3 2 38 14 10 11 9 13 38 8 12 2 17 7 7 2 13 1 12 4 20 2 9 3 18 39 2 1 13 6 1 5 1 9 18 2 14 6 30 6 1 2 7 4 7 11 44 1 36 8 14 13 10 18 2 3 8 58 6 4 1 1 6 14 18 11 9 3 12 18 9 51 21 10 2 2 3 3 35 19 12 1 5 52 6 7 12 6 15 6 15 4 16 6 2 17 24 13 17 5 1 12 4 27 4 6 3 30 12 1 19 2 13 5 14 7 15 13 11 2 4 10 6 4 9 11 20 27 16 6 4 3 9 9 26 20 8 12 11 21 6 6 6 9 5 5 2 7 7 7 8 6 3 4 2 1 27 7 1 14 40 3 37 2 1 1 1 10 9 5 9 22 17 4 2 8 6 5 7 5 10 19 4 7 11 26 17 10 2 2 10 3 12 3 11 2 2 10 6 12 2 4 11 17 16 1 1 2 1 3 7 3 6 3 9 6 2 3 26 3 4 8 1 3 14 8 4 9 9 2 19 29 1 15 15 8 8 6 2 1 5 13 5 22 10 29 10 10 15 35 28 7 6 12 3 9 1 1 2 28 19 4 2 5 3 5 6 1 5 20 3 4 4 5 1 4 3 9 3 8 13 5 1 24 18 1 4 11 7 25 24 10 10 2 5 13 14 4 5 46 4 4 4 7 45 7 28 2 18 2 13 12 7 21 5 11 24 40 37 10 3 19 27 25 5 1 1 14 3 1 9 18 11 16 21 1 8 7 10 19 9 23 7 12 15 12 32 31 13 17 25 5 6 1 16 13 3 13 2 5 4 1 11 27 5 33 4 10 17 2 3 6 4 3 7 14 18 3 12 1 15 23 17 14 1 1 11 9 16 5 11 2 40 9 6 5 4 6 12 11 7 8 20 26 7 11 1 6 9 2 18 24 11 9 21 4 19 3 51 9 15 12 5 1 3 29 24 22 13 1 10 26 5 8 17 28 9 6 10 10 1 11 1 9 16 6 5 21 4 11 9 18 17 2 2 9 28 5 3 15 9 5 3 2 8 1 4 42 10 5 2 6 11 7 1 13 33 1 40 9 3 16 6 3 2 13 6 12 25 23 11 20 2 2 1 6 11 14 5 1 22 1 2 14 4 9 3 4 14 3 33 1 6 23 1 3 6 3 16 13 4 14 17 17 7 18 3 10 5 1 6 13 3 7 9 32 24 13 10 12 2 10 21 13 41 9 27 3 1 8 3 18 15 3 7 2 1 13 4 4 2 5 8 6 5 1 1 11 22 12 5 18 2 3 4 12 7 1 13 10 1 14 2 12 1 2 3 10 8 12 2 6 26 5 2 9 6 5 4 1 7 9 4 1 24 12 9 5 5 1 17 4 16 19 38 14 8 1 11 3 14 2 10 1 19 3 1 2 13 2 11 13 11 14 6 44 8 20 4 2 1 16 5 5 2 27 6 11 9 16 1 4 3 6 14 9 7 8 83 20 6 10 12 15 6 9 22 8 5 1 13 8 39 3 10 3 5 4 2 7 28 10 47 14 3 8 10 11 6 4 2 2 1 4 11 4 3 22 5 1 1 20 9 1 10 12 2 9 5 13 1 7 6 4 1 1 3 14 27 16 2 5 4 4 6 14 4 1 12 2 10 1 1 8 15 8 60 12 1 20 4 5 1 19 4 7 9 1 17 5 2 14 15 3 3 8 21 32 7 11 3 22 1 7 7 17 6 3 13 7 6 14 1 4 2 9 3 4 5 1 1 4 11 35 9 12 19 10 2 17 1 3 1 11 21 12 29 5 1 2 4 6 12 6 30 5 16 17 17 8 10 6 10 2 15 34 6 23 19 22 14 8 3 24 12 8 14 4 8 9 4 18 2 3 1 4 3 5 18 31 16 2 2 13 23 3 2 31 7 3 11 3 10 27 1 14 1 2 2 42 4 34 1 11 14 4 14 16 28 3 9 6 17 9 12 19 35 8 9 11 20 24 19 14 28 1 21 3 14 11 10 7 9 13 16 3 1 14 3 1 2 8 1 5 8 9 4 40 5 1 5 22 5 3 2 4 5 4 7 7 5 5 17 2 25 3 1 10 2 11 5 5 21 6 2 29 1 3 18 12 8 27 15 20 5 4 8 5 26 25 5 1 21 5 5 8 2 5 16 6 7 3 29 2 4 15 23 1 30 21 10 13 17 8 7 2 17 9 18 7 37 4 6 8 24 7 5 18 9 6 2 1 4 4 5 2 9 16 3 6 20 8 12 12 15 29 6 55 15 19 1 2 8 11 1 2 21 6 7 2 4 11 4 7 4 7 4 4 44 12 12 24 38 30 5 2 8 5 16 6 15 14 7 10 20 17 7 1 5 16 12 1 4 3 11 3 2 3 2 2 1 14 14 21 15 7 39 7 6 1 6 5 3 30 36 7 20 23 4 13 7 4 3 1 10 12 10 12 3 44 12 3 3 21 3 22 10 6 12 3 4 3 21 18 8 9 3 1 2 10 6 2 21 1 3 2 9 12 2 7 2 1 4 12 20 1 8 3 4 15 14 10 4 12 3 2 9 16 23 5 4 14 7 10 1 2 1 5 13 5 16 19 1 3 16 4 17 4 10 1 2 1 8 6 6 27 20 2 3 11 9 4 5 12 7 29 1 21 8 5 9 4 1 6 30 2 4 15 3 15 22 16 28 12 14 12 13 22 9 2 2 4 2 9 8 7 5 3 22 23 13 13 9 10 13 4 2 4 17 11 4 7 2 7 11 2 9 4 2 1 8 5 13 15 22 7 3 4 14 22 5 13 11 26 1 2 1 1 2 6 3 15 20 28 12 2 45 11 20 2 8 16 10 6 4 3 18 1 9 3 4 2 2 20 21 33 11 3 5 11 1 5 4 1 14 1 1 20 4 3 12 19 1 8 3 17 5 12 17 22 1 1 14 4 11 17 7 29 1 5 2 3 9 1 7 5 3 2 6 11 1 6 6 28 6 6 6 11 21 4 2 5 1 10 37 16 2 4 4 32 16 1 23 9 1 12 12 5 12 19 2 19 11 2 30 5 10 11 6 4 5 15 7 1 2 8 27 1 4 5 8 17 8 12 3 26 18 43 12 17 3 7 19 10 1 2 33 2 3 5 13 18 13 3 5 10 2 17 6 41 9 4 24 2 5 10 13 12 16 33 10 9 2 10 6 7 2 7 7 19 2 1 1 33 3 8 14 8 1 2 5 3 5 5 12 1 5 2 2 11 7 5 3 4 4 5 3 13 2 3 20 8 8 6 5 5 1 1 2 12 1 11 15 3 15 10 10 3 3 9 17 15 13 12 2 2 1 3 1 2 13 1 1 11 6 9 3 9 2 1 11 13 4 35 6 14 2 2 5 2 10 17 15 1 1 2 8 10 23 10 15 8 9 13 12 10 5 11 21 4 39 10 12 1 2 18 13 11 2 9 16 16 32 9 15 26 3 20 4 35 6 13 5 74 6 2 14 24 10 8 4 11 2 18 5 6 15 35 16 8 9 29 2 3 9 2 7 8 6 3 12 15 12 16 6 8 9 11 4 1 3 33 1 6 41 22 6 3 9 19 1 8 5 6 11 23 38 3 10 10 1 14 5 26 2 9 46 6 2 3 20 9 5 19 1 29 2 7 8 9 5 2 7 4 2 8 5 5 12 12 1 9 9 7 46 1 5 13 18 37 4 10 10 3 4 13 5 5 11 6 6 7 11 3 7 10 5 3 13 14 6 2 4 1 2 8 11 1 4 16 10 1 16 10 6 4 5 2 9 4 4 7 15 3 12 5 8 21 9 4 5 10 34 13 7 29 13 3 12 3 4 6 6 1 3 9 2 10 19 5 10 10 4 9 8 3 2 8 3 50 32 1 2 13 10 1 1 11 3 4 1 21 3 16 7 2 19 2 49 2 3 2 13 4 15 1 38 1 12 5 10 1 15 5 11 8 22 14 21 14 2 4 4 14 4 7 1 22 6 5 17 18 1 3 20 13 1 1 16 2 8 3 4 4 1 13 8 3 2 7 9 2 2 7 45 2 10 5 13 5 25 6 12 7 7 7 8 8 5 11 13 21 13 12 13 11 2 7 39 10 6 3 7 7 6 2 9 10 4 11 1 18 6 8 13 2 1 2 11 11 10 17 7 3 28 16 1 1 13 6 14 7 34 22 9 1 11 12 9 18 5 3 8 15 21 6 7 11 1 13 7 42 17 4 15 3 1 14 16 12 25 1 20 3 6 2 11 17 4 3 5 2 1 5 4 30 2 15 12 6 20 32 7 12 13 10 16 12 23 6 12 8 13 3 1 10 2 13 3 1 36 7 15 4 1 36 6 5 16 11 12 1 6 19 1 11 4 5 9 1 15 6 9 3 7 3 3 1 65 3 10 3 17 9 27 5 7 7 2 3 3 14 1 2 3 3 5 2 4 6 5 3 22 1 11 3 4 5 16 19 33 1 1 4 6 20 1 3 17 3 2 15 20 12 18 12 10 3 1 1 6 10 24 25 5 2 20 2 9 12 1 3 21 37 24 11 10 18 5 3 5 18 3 4 2 1 1 5 2 7 11 26 14 15 48 9 2 3 1 13 23 3 2 3 4 6 14 1 2 8 13 1 11 1 20 9 1 30 10 12 29 1 4 11 1 1 4 6 4 3 3 1 3 2 4 12 1 12 12 26 18 10 6 15 1 7 11 3 11 8 10 3 3 5 1 5 36 29 3 22 21 13 17 1 24 2 21 4 3 6 10 13 8 21 5 2 1 1 5 9 21 2 10 5 34 2 11 8 5 22 14 1 11 7 10 1 4 14 4 5 2 16 4 6 2 9 32 1 4 23 5 5 8 19 5 11 4 9 17 7 18 17 4 22 40 1 3 10 8 4 18 8 13 5 3 1 4 5 6 18 7 5 19 3 19 6 1 4 3 38 1 6 5 22 19 7 21 5 8 3 21 1 4 16 8 40 1 3 2 16 3 18 2 5 15 3 6 3 31 6 3 2 5 6 12 18 11 8 4 19 6 13 3 11 3 7 15 7 1 9 7 23 3 19 1 8 12 29 11 16 8 5 14 2 4 2 5 15 31 12 5 7 14 13 8 12 2 6 15 3 6 32 11 4 17 39 3 6 1 13 38 12 16 70 1 2 14 16 1 7 3 6 2 21 1 8 2 19 2 10 14 5 3 17 3 5 4 1 8 3 11 6 6 2 20 6 1 7 26 3 19 2 5 12 6 3 23 20 3 12 15 5 1 9 13 17 8 5 6 26 2 7 24 2 3 16 5 9 17 7 6 18 2 11 8 16 4 21 8 8 4 1 45 6 4 26 3 12 5 5 6 3 2 43 2 4 8 5 21 6 10 9 28 8 9 3 12 6 6 19 24 4 2 10 1 1 11 2 4 9 7 13 5 2 4 1 3 6 17 5 20 1 9 5 32 3 18 12 1 2 2 19 15 2 18 21 5 23 3 9 3 1 1 5 26 6 18 4 1 14 1 13 15 22 9 16 4 13 6 6 13 3 13 9 1 1 13 4 20 31 6 4 2 6 5 39 6 1 2 4 24 10 12 7 1 4 7 11 4 10 5 2 9 11 15 21 4 19 4 2 7 7 4 4 6 2 1 4 28 32 6 7 5 1 1 16 8 3 1 5 2 5 2 14 10 16 16 12 8 3 29 2 3 3 14 6 35 1 5 2 48 20 7 1 14 4 13 7 13 8 1 2 2 11 20 2 12 2 4 2 12 10 6 9 3 1 2 1 6 2 28 2 3 5 5 7 16 8 37 9 34 38 1 45 11 6 1 4 29 2 11 12 3 2 14 3 41 12 4 22 2 15 10 6 8 14 1 16 1 33 8 4 10 6 7 8 19 10 37 3 5 3 40 27 5 1 27 3 2 7 5 7 6 51 13 9 3 13 14 3 9 7 2 1 23 20 6 2 4 4 12 9 4 20 10 8 12 19 8 8 5 4 8 2 37 6 35 8 2 7 2 25 14 30 5 20 20 16 7 12 2 13 2 10 1 2 3 3 18 2 7 18 4 11 21 3 26 4 7 8 5 7 10 7 6 2 3 1 6 6 33 15 6 7 13 3 3 9 6 4 1 14 3 8 14 24 19 1 8 2 4 13 19 4 22 15 15 2 7 3 3 2 6 17 17 6 9 3 1 20 47 3 25 7 7 12 5 31 3 1 5 3 8 8 6 2 20 35 1 1 1 18 4 23 6 7 6 1 10 2 1 4 17 11 1 1 16 14 6 1 10 8 4 4 5 9 2 33 7 8 9 3 4 6 24 7 27 6 21 7 3 3 5 9 7 8 3 4 3 4 1 1 1 3 2 10 4 12 5 4 17 6 22 1 5 9 10 3 6 18 5 7 15 15 4 3 4 21 18 3 1 22 13 6 1 5 9 8 3 3 17 5 16 7 2 16 1 1 20 5 10 4 13 8 2 16 17 16 21 15 6 8 3 14 33 8 2 18 6 41 6 2 58 4 9 10 30 14 11 4 16 2 4 2 1 1 12 4 15 6 1 2 4 15 5 34 13 7 2 3 5 28 21 3 28 10 17 6 11 1 20 3 15 34 6 6 12 7 11 4 2 7 18 5 12 18 2 2 13 10 1 12 5 4 13 2 3 7 12 5 13 4 8 4 4 11 10 8 15 10 8 14 6 9 27 10 16 9 48 8 32 6 9 16 10 8 24 4 11 4 5 11 2 53 36 13 4 19 1 20 2 7 15 4 5 12 13 8 1 11 1 2 2 11 7 26 1 6 10 6 1 7 14 1 10 8 13 4 6 17 3 6 22 51 7 11 13 5 9 5 28 3 18 57 2 8 17 16 1 20 6 4 9 5 7 9 29 14 17 17 16 24 10 20 10 6 5 14 2 3 4 4 11 2 2 5 8 6 3 2 14 6 27 8 18 5 19 20 8 24 5 32 14 5 8 6 5 22 8 13 2 22 6 9 1 9 5 8 8 5 1 28 30 4 4 4 8 13 3 2 4 19 19 4 5 11 5 13 9 8 14 7 2 14 14 1 2 15 11 18 1 13 7 12 9 6 3 1 24 9 3 3 9 2 8 2 31 4 20 14 35 4 4 1 2 7 5 12 9 14 24 20 7 5 10 1 4 18 6 11 3 8 14 2 16 1 28 13 4 4 29 8 1 9 6 1 5 5 1 16 2 9 18 8 29 3 16 19 2 7 23 9 20 5 1 15 5 4 17 11 21 8 7 7 5 1 8 12 39 1 6 2 5 1 5 4 3 16 7 5 25 3 5 27 3 28 21 4 15 52 15 3 4 5 7 2 8 4 2 7 10 2 7 11 23 7 29 1 1 7 3 20 19 14 2 9 3 1 44 2 8 3 40 3 6 2 9 10 20 20 1 15 26 15 20 35 6 1 5 15 8 10 1 8 1 4 2 5 1 20 6 12 1 6 5 10 35 31 2 9 12 12 18 20 7 9 17 12 14 17 21 7 3 16 15 12 4 18 29 6 5 13 16 12 7 4 12 4 3 9 7 8 2 11 20 2 2 8 4 4 2 3 8 2 3 7 18 16 1 10 17 8 2 2 32 6 16 6 25 2 3 5 19 23 28 21 17 1 5 5 2 7 9 7 2 19 2 2 8 14 10 16 11 23 14 2 3 17 5 12 19 13 6 13 2 4 20 10 10 4 19 15 6 7 22 3 23 2 10 9 22 9 7 1 2 21 9 19 2 2 2 13 8 5 10 1 35 2 2 5 9 14 5 13 27 7 3 3 6 11 9 13 7 3 5 23 9 9 5 2 4 11 21 2 9 5 5 10 31 16 18 4 15 11 19 1 10 55 5 3 2 1 5 12 10 4 35 7 13 13 5 4 9 1 9 7 2 2 16 8 4 3 7 4 1 4 19 4 34 4 1 14 4 4 13 1 9 3 1 5 6 1 6 2 8 24 19 11 12 17 9 35 32 3 40 20 21 6 7 6 4 3 18 9 3 17 5 1 1 11 19 7 16 3 16 11 4 11 8 12 9 1 12 10 2 1 3 17 22 7 40 1 9 26 20 2 6 13 4 11 49 3 3 38 38 5 18 7 7 22 8 19 2 4 3 5 3 4 2 4 25 12 3 3 3 7 5 1 1 11 1 2 1 2 11 12 12 8 23 2 7 1 17 6 3 20 4 1 4 5 20 1 25 13 6 29 28 14 3 6 13 7 12 4 11 10 6 2 7 14 2 2 9 2 2 18 2 6 5 9 45 11 39 17 12 11 6 15 3 11 32 30 8 16 2 6 1 1 8 11 7 2 4 22 1 10 7 1 5 1 3 14 6 3 4 2 7 11 27 6 13 1 5 2 16 8 22 7 10 8 1 1 12 3 2 17 12 1 6 8 10 7 5 3 6 10 8 9 5 2 13 14 36 23 14 17 13 3 10 1 18 11 7 5 9 2 47 1 9 8 5 2 2 1 6 1 21 1 1 1 8 6 9 8 3 5 8 3 3 12 3 5 24 5 4 9 6 23 1 11 11 11 15 2 1 6 1 4 11 10 13 2 1 22 7 16 1 6 11 5 2 2 11 19 75 1 8 9 11 8 3 11 19 1 4 17 17 14 14 3 7 9 8 25 2 18 10 1 13 6 5 5 5 15 20 2 3 16 1 16 7 2 1 6 2 5 35 3 3 28 2 11 2 3 36 23 6 5 6 3 8 29 17 4 2 2 3 17 13 58 2 7 4 4 7 5 1 2 9 36 2 5 13 6 11 1 2 9 6 2 10 5 10 3 7 12 4 1 1 10 1 1 5 3 8 12 1 30 5 1 17 12 29 11 34 1 9 2 6 14 3 21 6 1 8 23 12 1 13 11 27 17 5 1 13 1 5 14 6 13 11 18 24 5 13 1 11 1 15 26 18 8 12 14 7 1 15 14 4 2 41 6 1 2 6 9 2 3 6 1 1 19 2 20 7 3 13 5 2 8 4 13 2 11 3 1 2 1 33 2 15 5 12 2 2 2 5 11 1 3 21 13 16 21 7 1 2 19 4 14 3 4 11 4 6 2 7 12 5 68 2 5 7 14 1 3 2 9 43 14 5 25 14 4 15 1 11 7 11 3 4 9 9 5 2 11 15 25 4 3 5 19 3 2 1 6 3 1 2 42 2 14 7 4 3 6 11 28 7 5 1 19 55 2 29 38 8 9 18 13 16 2 26 5 2 1 13 11 17 14 4 3 1 11 17 34 14 33 33 35 10 5 3 27 5 2 6 13 8 7 1 26 7 16 11 4 5 5 19 2 24 4 21 6 5 2 4 15 3 5 2 1 7 7 1 58 55 40 4 1 6 39 20 22 1 5 3 5 1 26 1 16 7 1 44 14 10 14 4 31 7 8 8 18 6 2 9 9 5 1 16 24 12 2 5 1 13 2 6 11 11 9 7 1 15 3 6 8 6 11 20 3 6 10 10 6 11 19 12 10 12 3 1 8 11 12 11 4 19 33 27 25 3 19 26 12 16 3 7 7 7 2 5 2 7 12 14 4 19 3 6 12 6 12 1 8 7 4 20 13 11 2 18 8 2 1 6 4 2 6 2 7 14 2 15 21 2 20 2 7 4 18 2 3 41 2 6 8 15 12 11 12 5 3 1 9 6 5 3 5 18 11 6 21 9 31 6 41 4 3 6 2 11 17 9 18 4 16 34 8 21 6 1 1 3 3 8 2 22 6 12 5 8 12 11 1 2 4 9 1 20 5 17 6 27 2 3 8 7 7 4 14 3 1 22 9 1 1 8 12 1 3 4 66 9 2 12 4 7 36 2 33 4 1 10 6 18 34 3 12 7 10 2 11 2 50 33 4 29 5 28 12 10 1 3 1 16 3 29 23 1 12 3 3 3 1 1 29 5 8 4 1 2 4 18 2 1 2 5 8 13 2 30 9 14 13 33 8 5 6 4 1 8 11 1 13 36 38 8 1 6 7 1 1 15 4 4 10 18 16 9 14 19 1 24 8 3 12 1 2 4 14 8 9 6 6 1 2 33 18 28 11 2 4 3 6 3 3 9 11 10 1 28 20 6 27 16 1 1 7 36 29 14 21 5 5 20 4 1 2 5 1 10 16 21 4 2 6 16 7 8 9 7 11 2 7 13 7 14 5 3 4 8 15 4 2 9 19 8 4 11 4 5 14 33 3 4 15 18 3 1 5 9 13 1 3 17 24 31 12 12 25 2 13 17 6 44 15 12 5 3 8 1 7 11 5 4 5 21 6 8 5 3 7 40 14 14 8 3 7 20 2 1 7 9 6 4 3 1 1 3 17 10 44 14 13 10 2 9 9 4 26 1 8 17 60 9 11 6 8 11 5 7 5 3 5 3 15 1 3 18 8 5 15 23 13 2 1 8 9 16 1 5 7 30 3 2 2 14 3 13 19 1 1 3 6 16 1 54 11 6 1 11 4 15 2 10 1 10 16 19 3 5 9 16 6 2 5 4 9 3 9 14 63 6 2 2 10 6 3 2 4 3 5 9 12 6 3 25 7 11 7 1 5 5 12 1 4 1 2 8 5 9 2 14 5 8 8 20 2 22 15 16 2 6 8 33 9 2 3 6 8 2 3 3 35 26 3 1 3 3 3 9 15 16 4 4 4 4 19 6 5 14 5 7 15 11 1 4 12 2 5 3 6 1 10 13 1 22 3 8 11 9 9 15 12 2 8 11 16 1 3 19 29 46 1 16 29 4 1 6 11 1 5 11 5 10 1 3 24 19 11 1 5 9 7 4 33 6 5 32 15 5 3 15 3 2 4 7 5 4 27 11 1 1 10 10 8 18 37 5 9 19 5 6 14 9 11 15 2 3 6 16 3 13 11 8 4 2 35 13 2 13 1 4 6 8 12 19 4 14 2 7 7 6 3 14 18 1 21 2 16 7 2 8 11 10 17 4 2 13 14 36 16 19 12 13 5 2 3 7 8 11 3 8 3 4 2 4 4 31 13 46 2 4 13 1 11 4 15 6 5 1 9 12 13 17 4 8 6 6 3 5 2 9 18 2 1 1 12 11 13 2 7 14 9 17 6 12 4 1 20 29 10 15 4 2 5 10 9 7 22 4 8 19 14 6 5 10 12 14 18 3 5 5 19 1 11 15 11 5 1 15 24 27 2 5 29 39 5 8 18 9 17 19 6 3 2 22 22 11 2 2 15 5 2 32 13 16 5 2 10 8 1 1 30 19 4 25 12 2 1 6 7 11 34 2 26 1 9 18 1 2 45 10 3 7 7 6 5 4 15 38 14 1 12 6 22 1 20 3 17 27 3 3 15 17 13 2 18 49 3 4 14 5 12 4 10 11 5 1 5 6 10 6 6 40 2 7 4 19 9 27 24 7 14 12 3 45 4 4 14 1 17 12 26 24 23 6 16 17 12 8 3 12 15 13 1 2 1 5 1 6 1 17 4 17 33 21 1 3 14 20 13 20 23 2 11 2 3 14 9 31 23 10 30 7 9 1 3 47 4 6 1 34 5 3 13 8 2 1 1 8 2 5 47 8 5 12 6 2 10 4 9 3 1 11 9 35 17 10 1 17 2 6 1 6 2 7 1 5 12 1 23 24 3 4 2 6 4 1 5 10 3 14 4 4 1 13 1 21 26 2 20 9 1 13 5 6 9 9 10 16 6 13 5 1 1 21 2 19 10 19 2 3 22 18 2 5 1 9 3 2 9 16 15 5 32 6 22 2 1 6 31 9 2 3 5 15 11 2 8 17 3 14 11 1 17 9 10 5 14 3 2 4 16 7 8 10 9 24 13 26 2 12 9 9 1 2 18 10 8 4 1 33 4 10 1 25 8 12 10 19 3 5 6 4 21 6 12 3 18 13 10 4 5 9 9 10 11 5 4 3 3 16 6 4 7 28 8 2 11 7 1 7 14 14 26 6 45 16 13 7 5 5 10 2 10 6 10 2 4 19 4 16 35 1 2 12 7 1 19 14 7 6 16 9 25 27 13 1 12 1 9 17 19 21 14 3 1 7 3 8 6 3 3 21 35 5 52 3 4 11 7 5 2 55 3 2 5 2 2 1 3 11 8 3 7 82 1 6 3 10 28 8 14 7 5 2 4 13 2 10 6 2 12 3 4 1 4 3 9 4 6 5 9 22 20 1 6 25 11 6 2 4 4 1 3 15 1 3 1 3 6 6 2 26 3 8 19 20 33 1 3 3 4 21 17 5 4 21 13 15 6 7 3 32 11 1 10 10 9 10 11 4 6 20 8 20 1 2 4 4 3 1 1 5 11 3 33 1 7 21 1 1 5 21 18 3 9 1 3 6 12 32 8 6 3 6 2 2 3 10 18 2 4 10 3 2 1 11 8 4 23 10 14 8 48 14 19 3 22 3 9 8 10 26 2 2 4 16 2 23 3 15 5 1 7 1 13 9 2 3 8 22 20 7 54 5 29 5 4 8 15 21 25 8 7 12 5 7 9 1 1 5 30 3 13 9 44 4 8 17 7 17 1 9 6 9 8 4 7 19 3 18 2 38 2 9 16 22 5 23 5 8 2 2 2 6 13 5 6 12 26 9 22 18 29 5 1 38 1 2 3 8 23 10 1 10 12 12 10 2 15 11 13 7 7 5 7 4 18 14 7 18 6 19 28 9 13 15 9 14 9 2 11 4 3 28 2 5 1 3 22 2 21 4 1 4 6 11 38 17 10 8 19 14 11 7 1 9 2 40 4 1 12 8 12 1 2 9 7 34 5 3 1 1 2 39 25 3 5 12 5 37 13 2 2 8 8 4 10 24 21 16 5 7 17 5 6 15 14 4 7 2 7 9 3 3 15 13 1 4 9 20 15 23 17 3 10 11 5 1 33 3 1 4 18 12 5 2 1 1 1 1 10 2 53 5 1 1 23 24 9 38 4 7 5 1 2 3 3 18 3 7 7 25 8 7 1 1 13 6 2 2 24 7 1 9 12 2 5 3 18 12 19 7 20 13 19 49 12 3 13 2 9 18 24 2 10 3 8 2 2 20 28 1 4 7 5 52 2 8 29 16 8 1 1 4 10 6 14 11 1 1 19 1 20 19 9 11 12 33 19 9 8 5 6 1 27 19 6 4 13 3 1 18 2 14 2 9 7 17 5 5 4 4 19 12 2 13 9 9 2 17 1 3 8 14 35 1 24 29 6 19 6 2 5 34 8 12 34 1 14 3 18 9 9 9 4 13 19 1 2 1 4 14 11 4 2 3 8 11 5 1 6 14 48 6 11 7 1 3 1 18 11 42 8 6 1 6 10 3 3 2 22 8 4 33 5 2 2 8 4 2 6 1 4 8 10 17 21 6 35 13 41 12 3 2 25 7 1 5 15 1 42 19 7 21 10 11 14 3 2 5 1 7 4 6 10 5 21 3 3 42 11 26 2 2 9 5 15 1 3 1 14 6 3 20 2 18 10 27 1 31 7 3 1 2 3 10 34 7 2 2 8 13 2 12 8 14 4 9 1 2 3 33 4 2 3 2 3 11 3 5 5 3 20 1 8 3 18 1 3 2 3 25 21 28 10 11 7 11 2 15 8 2 2 12 26 4 15 6 13 12 8 3 8 3 5 8 6 8 1 1 23 24 15 8 5 2 1 1 8 8 6 15 1 1 9 27 7 9 20 6 1 21 1 1 3 14 8 5 10 3 3 22 22 5 2 10 16 6 9 2 18 5 4 12 17 5 19 2 15 13 5 5 8 2 12 8 1 2 1 1 5 24 7 5 2 17 8 3 4 5 9 3 3 6 4 4 34 10 22 5 2 29 5 3 6 5 2 5 7 12 3 6 12 12 11 3 13 8 6 15 4 1 6 12 15 20 24 2 13 3 14 8 3 8 9 6 9 2 34 35 43 6 8 1 1 1 24 2 8 4 11 11 6 2 2 36 32 6 11 28 4 2 5 3 17 7 3 4 19 34 22 12 3 5 5 5 28 6 4 18 4 26 2 5 10 25 7 2 2 1 20 8 7 16 7 5 33 27 10 11 16 6 5 1 4 10 3 3 8 2 2 4 37 24 14 1 8 12 4 2 4 4 2 5 2 15 9 1 8 11 1 2 3 7 5 11 6 1 7 12 4 3 10 1 4 9 10 52 2 7 8 18 1 11 5 17 11 1 40 4 6 15 36 2 1 11 41 13 12 9 7 3 2 16 20 6 4 15 7 6 3 1 2 16 57 1 8 10 10 1 24 3 2 30 37 45 7 6 8 14 3 6 9 3 10 37 3 2 21 7 6 1 1 10 7 2 49 1 7 4 15 12 22 13 8 14 22 2 10 1 6 57 4 4 8 35 2 2 2 14 10 4 18 2 22 29 1 8 1 13 8 3 21 31 4 30 1 15 14 5 15 16 8 2 2 1 10 4 16 2 6 4 32 3 1 4 3 6 3 31 20 14 14 8 9 18 15 8 8 3 17 5 29 9 5 14 3 19 6 14 5 8 12 10 9 2 40 3 23 10 5 4 39 12 5 10 6 8 5 6 3 11 21 3 17 46 7 6 4 2 21 8 12 9 12 10 7 6 2 4 27 2 16 7 4 14 20 44 20 4 11 14 14 15 4 6 9 8 9 3 1 24 8 41 3 1 6 66 8 2 6 12 12 16 30 3 18 16 1 8 9 4 17 30 3 9 52 11 19 22 1 13 4 4 6 1 37 2 4 11 3 68 9 5 22 1 34 9 10 2 6 9 1 1 8 31 4 10 2 4 10 1 2 17 9 25 2 8 13 12 24 15 26 13 3 20 6 11 18 15 16 20 2 17 17 9 4 17 10 6 7 14 32 7 9 4 12 8 2 9 24 89 10 14 21 9 9 27 20 11 3 15 2 12 6 3 6 14 8 29 3 4 1 13 7 6 15 7 1 5 24 7 13 3 2 1 50 23 9 7 8 4 28 32 5 5 24 16 3 8 10 12 6 4 5 20 6 37 7 11 3 20 4 2 13 8 7 19 8 12 17 2 1 24 3 4 1 31 4 3 4 28 2 1 2 2 8 3 24 12 1 7 8 8 9 3 3 3 18 3 5 27 2 4 1 5 30 13 7 2 5 11 1 6 3 7 7 2 6 3 11 17 13 2 42 28 17 7 8 6 6 15 1 2 14 6 34 29 27 5 15 44 8 9 5 5 6 19 6 8 10 13 7 15 1 9 5 12 11 1 3 21 11 9 13 5 5 7 17 5 1 9 9 16 1 7 43 2 22 25 13 11 12 7 37 7 4 3 46 5 12 5 9 15 7 25 5 54 5 1 22 2 5 5 1 1 3 5 15 12 32 2 37 1 19 6 5 13 5 1 1 7 10 4 21 7 2 3 2 21 15 3 2 1 33 14 5 1 16 39 17 17 3 33 14 11 1 6 1 3 8 1 2 5 16 7 2 1 2 5 3 31 25 14 5 4 9 4 1 3 15 4 8 17 4 10 21 6 26 1 5 7 1 47 3 20 4 4 5 7 4 13 6 1 11 45 19 3 1 2 8 4 9 2 11 3 7 36 12 10 7 3 20 1 32 34 17 9 3 10 1 9 14 10 2 1 18 7 10 11 8 1 1 10 20 6 3 10 1 6 28 13 13 1 5 3 1 4 14 14 3 14 3 15 12 18 6 2 9 12 9 7 6 2 8 4 15 4 14 10 1 8 1 13 5 24 1 5 1 14 1 7 23 4 20 15 3 8 6 13 15 2 18 51 36 1 8 11 2 2 13 15 6 8 1 13 16 13 32 9 4 21 14 17 23 12 10 10 2 4 26 3 26 40 4 3 22 4 2 6 1 32 7 2 5 3 8 11 6 4 10 8 8 2 17 5 8 1 15 6 12 7 4 1 20 3 17 7 7 7 20 7 11 17 1 5 5 11 1 4 1 25 52 5 16 14 18 1 6 3 3 8 3 33 4 4 7 4 30 5 3 8 14 9 2 27 23 4 8 7 6 9 9 3 1 28 6 39 3 15 10 8 7 6 1 12 22 15 24 15 1 4 3 8 22 13 2 10 1 1 21 8 1 9 6 10 24 16 44 2 11 33 2 4 2 3 2 1 1 17 9 35 2 2 7 2 7 4 7 39 18 6 4 11 6 10 31 12 4 3 2 8 6 5 3 10 6 5 8 7 7 10 7 3 8 23 1 5 1 2 33 13 23 13 21 7 18 23 8 2 6 16 2 25 34 12 24 20 16 1 2 12 10 8 1 45 9 26 1 43 8 9 12 7 5 11 8 19 6 3 4 5 28 1 17 2 2 21 9 10 8 42 1 1 24 2 2 9 7 2 2 3 10 5 18 3 1 3 1 8 21 1 1 22 11 3 10 1 13 1 1 2 9 7 4 27 7 5 21 10 10 6 5 8 6 8 2 6 1 4 4 22 26 28 3 16 20 2 5 4 11 7 2 3 5 9 21 11 5 14 14 26 19 2 4 12 10 11 12 30 19 4 2 14 11 5 8 7 2 4 4 20 25 23 8 14 13 5 27 4 16 8 23 6 1 11 14 18 7 4 4 20 14 12 13 4 11 42 8 1 12 3 49 3 2 27 4 6 1 2 29 16 4 14 8 4 21 4 2 5 16 4 6 5 12 12 7 19 2 19 13 1 5 4 2 5 1 11 3 12 4 5 1 1 4 2 1 3 9 8 11 5 15 3 6 7 24 12 5 4 1 27 15 18 5 38 4 56 26 9 4 19 1 30 1 19 10 13 3 20 17 6 3 3 11 4 6 62 5 8 6 3 3 2 4 5 12 2 2 4 7 9 43 7 6 6 2 1 18 11 2 4 1 14 1 1 9 1 11 3 11 21 17 5 6 27 3 6 13 25 4 18 11 7 5 18 1 2 8 8 2 5 7 3 5 11 3 1 2 4 14 4 7 3 32 18 5 11 13 17 1 3 4 1 5 15 6 8 6 1 4 14 5 7 1 13 4 2 5 12 11 4 2 12 21 23 22 10 19 1 4 3 3 2 1 18 1 1 15 9 15 2 1 9 2 7 8 15 10 38 3 10 10 2 4 6 29 14 4 3 6 9 2 49 5 7 15 1 24 8 22 9 10 1 3 11 1 11 22 1 6 15 4 31 28 20 5 3 10 12 1 3 6 12 1 3 7 2 10 2 25 27 1 7 12 9 5 5 1 15 7 7 23 9 3 2 12 3 5 12 2 7 4 4 4 14 29 21 6 1 35 21 15 3 2 3 12 6 4 4 17 24 5 8 38 12 16 11 22 28 26 4 13 18 15 2 2 13 26 16 1 17 12 5 3 5 2 51 14 2 2 2 3 6 11 27 26 1 16 1 3 8 4 6 4 13 7 6 4 15 34 4 33 2 1 1 1 1 3 7 4 47 14 10 30 1 23 3 22 1 12 3 5 3 1 6 3 20 6 37 9 12 6 14 2 7 24 6 9 27 23 6 12 6 30 12 1 1 8 13 14 35 1 5 1 4 1 4 9 16 13 5 1 1 7 21 26 13 51 1 7 1 3 15 6 16 7 15 26 1 7 5 4 14 6 12 1 20 17 6 6 15 14 16 34 1 6 2 5 5 5 3 2 42 6 6 5 16 13 10 2 16 9 16 7 18 15 11 7 13 24 6 16 33 4 19 15 17 2 2 5 8 13 16 1 17 4 2 11 3 26 23 37 4 5 2 12 1 2 14 2 12 4 19 37 24 4 3 12 12 5 2 6 7 11 16 9 23 3 7 7 10 8 4 4 19 1 4 19 11 36 1 14 3 12 2 12 1 4 9 2 50 2 4 2 11 7 45 30 2 22 5 9 3 39 20 38 6 3 8 35 17 13 4 16 6 2 4 4 3 22 2 1 9 3 11 1 1 1 1 3 30 6 8 28 1 19 6 18 14 9 8 6 17 16 25 2 1 14 4 4 4 5 10 2 1 16 6 8 47 3 8 2 3 11 55 13 2 2 19 26 26 3 5 4 2 9 15 3 33 5 3 4 1 8 7 14 15 8 21 8 9 11 18 22 2 5 6 5 7 2 1 11 4 9 24 13 20 46 2 14 12 1 4 12 1 14 5 4 17 15 13 11 4 1 9 7 1 37 16 1 7 18 4 8 20 5 7 51 12 6 5 5 4 8 14 3 5 3 12 3 2 9 8 1 25 5 3 13 4 18 5 10 3 5 7 2 6 21 44 16 3 20 8 1 4 1 6 1 2 1 17 1 2 5 1 1 3 3 2 6 2 8 7 12 1 7 11 3 2 3 8 12 18 6 3 4 13 2 2 20 6 8 3 1 32 9 6 1 5 10 10 6 1 2 6 1 3 8 3 17 10 19 5 16 50 13 5 31 14 3 19 11 4 6 18 11 60 9 4 6 1 4 6 2 7 16 12 3 2 11 13 3 2 4 18 11 14 14 14 21 6 7 8 16 5 3 2 5 46 19 4 13 1 5 9 2 1 2 22 15 42 3 17 5 5 8 1 2 1 8 13 10 3 1 33 2 15 5 14 2 5 1 37 10 2 8 16 4 1 17 4 1 15 8 1 2 13 2 3 38 19 1 1 8 4 17 8 2 55 6 7 2 27 13 29 7 28 20 1 8 11 8 6 4 1 2 8 13 4 1 4 15 3 24 11 6 2 8 7 13 2 16 8 7 17 12 6 1 36 1 12 1 10 4 20 7 7 14 18 17 2 20 4 12 16 4 15 4 2 11 6 14 30 3 12 6 1 25 4 9 4 2 6 8 3 9 3 8 20 16 23 33 5 9 7 2 3 4 12 38 1 2 7 1 4 3 12 1 2 37 41 4 2 2 18 9 7 11 4 10 3 6 9 20 5 24 16 4 20 1 16 4 2 4 27 42 1 4 2 8 11 13 6 18 13 16 21 4 7 1 17 11 5 1 6 7 19 9 8 15 8 6 2 39 16 12 8 2 9 9 3 3 2 3 3 7 15 27 8 6 3 15 3 5 22 3 5 9 6 10 5 4 2 12 16 3 3 10 10 5 8 13 3 1 1 19 8 1 17 5 1 31 20 4 4 7 1 4 4 2 5 2 14 18 2 30 4 8 12 8 1 2 1 9 1 18 6 6 4 38 12 3 2 2 1 25 25 13 6 19 2 3 6 14 19 2 2 8 1 5 1 4 7 10 2 2 3 22 23 7 14 23 8 15 6 4 32 8 5 23 30 52 27 13 4 2 29 66 13 20 20 8 4 3 9 9 12 16 7 7 4 1 19 20 6 30 19 15 14 7 17 14 18 49 2 1 5 1 6 33 1 17 1 19 17 1 3 5 3 6 15 4 22 25 1 16 1 1 1 13 17 9 7 6 3 1 10 1 15 4 21 6 1 8 2 1 1 1 5 3 4 26 1 26 18 13 3 9 1 9 1 8 13 2 28 3 23 15 2 3 23 6 22 28 4 1 10 10 11 11 1 3 16 4 3 2 1 16 6 45 4 5 13 11 14 8 4 12 2 16 1 10 3 6 2 5 6 7 36 48 10 10 25 12 2 1 21 12 2 4 18 7 6 1 1 1 9 2 10 22 4 4 5 14 2 7 2 9 2 3 8 4 5 7 15 7 4 11 14 6 8 1 28 11 37 1 1 13 2 1 34 26 1 3 1 2 11 15 1 29 1 4 11 34 7 7 4 6 2 29 19 4 4 16 16 37 12 13 15 11 11 3 2 2 8 30 6 8 25 8 29 6 3 12 23 37 2 1 6 19 19 1 9 11 3 1 3 8 4 8 1 12 4 3 6 5 1 22 3 4 17 12 4 7 3 15 1 1 1 6 3 7 5 3 11 17 6 3 2 21 9 3 5 6 6 6 6 9 2 15 17 2 10 12 5 9 16 6 46 3 1 14 8 2 19 14 9 4 3 8 18 9 16 22 8 11 6 39 14 24 6 17 10 2 6 2 4 2 10 1 2 12 53 2 9 16 5 3 9 16 13 3 3 10 5 1 18 12 9 14 19 5 7 20 10 33 7 3 9 13 4 14 7 22 10 7 24 13 7 31 13 1 11 10 8 1 2 20 8 14 4 14 1 13 40 6 4 14 8 1 5 9 22 2 2 3 12 4 10 2 19 6 6 4 8 13 5 9 5 18 3 4 2 4 7 17 28 3 6 17 22 11 2 14 4 2 1 14 14 12 1 1 8 11 4 10 42 7 3 3 4 4 38 6 2 10 9 32 7 3 23 8 7 3 5 2 7 4 25 1 12 17 19 11 4 24 3


# name: Y
# type: matrix
# rows: 1
# columns: 100
 7 8 5 6 1 2 51 8 13 10 11 1 2 21 9 2 6 15 14 1 9 1 9 2 16 4 2 2 1 6 10 22 6 29 6 16 17 29 6 10 19 17 1 3 6 7 5 1 4 17 11 9 16 1 1 2 4 4 3 6 14 2 1 5 26 11 1 2 6 25 1 24 4 1 1 3 9 5 28 7 4 2 6 41 10 2 2 4 35 22 10 3 10 2 11 34 1 5 1 28


# name: Z
# type: matrix
# rows: 1
# columns: 10000
 68 40 61 40 53 43 54 64 33 44 50 39 40 57 43 61 43 60 60 50 59 38 62 43 50 56 32 54 49 56 44 72 42 54 48 63 54 50 27 61 55 43 54 65 47 55 73 55 33 45 48 60 51 73 42 45 38 73 64 43 94 46 41 49 43 50 53 32 39 35 73 44 71 26 54 37 63 51 40 41 69 64 46 54 57 44 56 56 54 49 36 34 52 71 36 43 54 45 53 62 67 54 55 47 57 73 38 52 71 60 38 49 46 35 56 45 44 52 45 50 41 40 51 45 29 46 50 48 43 57 60 56 55 52 48 49 38 54 46 71 48 40 39 52 85 76 46 50 49 43 80 43 66 45 45 53 52 36 28 45 80 41 40 45 48 48 49 54 56 42 70 37 65 34 72 43 43 53 54 40 49 39 63 60 55 48 40 39 32 102 57 38 34 41 56 48 73 37 32 68 40 55 38 73 45 50 75 77 47 60 33 38 71 47 45 45 62 84 61 47 80 50 62 61 30 37 76 57 39 37 55 57 54 36 49 52 45 52 63 49 42 46 52 57 42 43 40 50 49 40 32 38 57 29 43 44 42 42 50 46 51 49 33 64 30 43 61 33 56 52 34 44 57 40 31 91 34 49 41 63 46 48 39 40 67 72 37 48 53 55 52 71 31 37 41 46 36 48 26 49 49 62 51 43 44 53 58 56 44 43 26 41 37 46 38 60 58 66 63 51 58 61 74 67 40 47 35 49 50 41 59 51 43 65 69 33 39 43 27 58 44 32 77 34 43 61 51 56 91 40 54 47 49 62 53 78 64 74 64 56 38 50 53 67 62 52 48 48 48 58 38 42 54 42 46 42 39 40 59 45 60 45 43 48 48 40 53 58 46 40 46 54 34 41 73 41 43 43 42 51 50 46 54 41 64 63 25 37 47 51 33 95 104 42 70 38 38 36 37 41 33 44 55 33 46 48 43 67 56 63 97 80 70 48 42 72 59 28 45 54 32 42 51 38 39 43 45 41 68 35 45 49 37 82 52 48 49 56 65 39 46 30 33 58 52 49 47 61 59 67 72 44 75 36 35 42 47 51 42 56 51 59 36 35 44 46 56 47 39 45 59 39 60 51 38 53 51 45 37 47 71 66 61 40 107 41 57 47 49 54 39 41 51 42 40 42 49 43 51 51 41 60 49 40 57 44 36 38 62 47 42 43 47 79 47 40 59 69 52 63 55 38 36 50 34 44 44 54 62 40 49 40 59 56 48 43 42 38 64 53 58 48 57 56 38 39 43 58 51 59 42 61 64 49 46 41 51 52 36 61 46 39 39 60 64 46 42 43 47 48 46 66 38 46 45 64 54 45 63 63 78 50 32 39 53 104 63 72 30 30 42 52 36 47 49 37 32 44 39 71 42 45 38 40 34 43 32 37 46 84 39 46 51 46 46 56 36 38 52 61 56 41 38 39 50 42 57 48 40 49 34 40 47 71 43 35 47 51 39 45 46 53 90 45 40 39 38 61 48 52 53 74 53 71 54 41 44 50 88 34 52 57 69 43 41 39 35 50 48 63 38 48 73 55 44 59 37 41 77 46 34 48 75 37 34 29 39 65 44 37 69 51 52 57 47 49 56 53 85 73 48 51 45 38 70 40 53 56 58 48 40 42 68 34 47 70 41 81 50 36 54 50 66 51 68 48 31 43 35 40 28 32 81 47 69 48 61 52 71 46 42 63 50 43 73 44 49 38 38 36 48 90 42 60 52 55 44 47 42 82 31 45 47 47 34 41 52 41 62 52 57 40 47 39 49 43 36 38 45 66 53 34 94 51 56 44 66 55 42 36 50 40 64 61 42 40 41 32 43 47 52 68 57 46 51 52 71 34 47 45 40 44 38 45 44 39 37 34 42 82 28 51 40 52 55 54 39 48 54 41 80 43 50 63 53 51 39 60 47 37 54 49 55 56 81 48 36 43 69 33 47 36 62 62 44 42 59 53 65 64 46 46 53 48 47 55 65 42 46 34 62 50 34 59 67 37 40 43 50 45 61 57 54 60 53 45 54 48 46 38 44 45 41 39 51 82 38 58 37 46 63 55 39 81 53 48 46 66 46 53 55 29 49 51 45 46 37 50 54 51 37 49 55 38 40 46 37 47 44 58 33 39 57 39 34 66 38 62 41 44 50 71 53 41 41 54 52 38 50 42 53 41 55 43 44 41 56 38 67 51 53 40 38 48 46 37 45 49 89 44 61 45 57 46 36 56 36 43 60 39 42 66 72 44 39 48 61 40 71 57 38 43 53 46 48 50 73 63 38 47 52 40 45 57 74 34 47 59 45 68 36 74 37 56 47 44 73 69 47 69 71 62 44 43 47 47 46 56 55 44 48 37 37 64 41 39 37 47 49 54 44 59 71 38 61 35 73 36 55 49 36 56 80 51 46 69 76 30 51 48 54 36 48 55 52 64 64 54 53 43 53 53 42 41 45 45 50 52 53 49 44 45 38 42 43 39 74 52 41 38 46 44 42 59 49 42 42 39 47 43 56 46 40 44 65 48 53 33 40 51 43 46 40 74 43 31 46 78 66 44 69 46 40 47 68 37 38 88 55 59 47 51 48 61 47 42 62 40 50 45 66 43 50 38 63 67 46 43 52 56 55 65 42 44 53 47 42 36 51 63 44 62 54 28 47 61 45 36 49 50 50 54 63 49 70 41 45 55 64 58 34 58 43 45 72 69 56 41 61 37 43 68 45 35 45 60 36 49 45 42 42 55 44 50 46 52 49 33 38 42 51 39 38 61 31 36 53 40 50 52 39 90 52 51 76 51 47 44 33 36 35 43 39 47 50 47 57 38 63 42 59 43 35 34 42 48 59 57 64 56 46 35 47 37 50 42 51 58 63 39 47 37 52 41 44 47 85 40 65 65 63 91 37 35 53 38 47 53 51 58 41 35 64 40 50 34 63 46 46 35 34 40 44 42 47 39 34 49 46 45 41 41 61 37 50 51 74 46 48 45 34 57 67 52 53 83 70 34 40 60 50 48 73 48 42 50 64 60 53 54 37 65 35 49 50 52 45 47 41 54 65 76 40 57 47 43 47 44 41 30 60 45 44 49 62 33 63 58 70 30 41 75 44 56 50 41 63 48 48 36 43 54 48 59 58 47 41 38 59 48 72 41 39 40 43 47 62 30 69 40 61 51 54 44 48 54 45 37 50 55 47 52 50 56 82 54 65 68 53 51 58 47 49 59 54 52 51 52 34 48 63 42 41 51 44 67 53 36 61 51 47 52 53 59 39 57 45 40 74 60 32 68 54 51 41 45 73 67 79 42 47 60 64 39 43 41 50 60 80 38 42 55 68 91 39 59 42 45 56 53 52 42 78 52 48 77 36 41 39 45 48 48 40 43 53 39 71 79 53 52 58 35 59 36 32 41 54 82 47 49 40 80 41 43 46 77 36 72 45 55 45 45 50 29 74 44 41 56 33 56 40 40 38 41 39 59 55 48 62 41 34 36 53 50 57 39 46 49 40 41 51 40 47 43 75 29 48 36 53 45 40 45 54 43 45 46 49 45 86 40 39 36 58 56 58 47 57 42 37 56 43 48 49 36 44 47 43 44 38 46 79 40 46 46 64 57 43 42 61 42 49 50 57 64 43 33 52 44 64 50 66 48 50 59 46 54 64 53 54 46 49 36 36 52 28 42 38 61 50 61 51 46 36 62 67 33 48 34 48 73 43 56 60 57 67 52 51 44 45 38 45 73 49 72 34 61 54 63 55 51 40 59 41 46 41 43 55 46 45 43 68 27 40 32 40 36 30 54 47 41 53 31 41 37 38 63 38 64 65 58 45 48 44 40 32 52 43 37 51 43 35 38 44 30 62 52 56 43 53 60 67 56 36 50 58 63 63 51 41 57 56 58 33 49 45 56 61 37 45 49 42 51 34 42 68 44 75 35 47 64 32 48 49 57 66 50 55 38 46 52 42 56 41 36 43 45 56 55 44 39 48 56 43 49 36 52 45 58 65 40 49 38 40 77 60 51 48 34 48 48 34 57 52 48 54 44 58 50 67 32 48 50 43 38 56 65 58 48 60 57 36 42 34 52 48 60 38 44 66 45 52 34 46 39 32 57 37 50 36 36 58 50 60 53 57 66 47 55 50 46 87 52 38 66 37 46 35 42 60 36 40 39 58 67 28 59 46 44 43 40 69 57 48 88 36 45 40 41 68 44 58 40 44 52 46 40 69 41 60 68 45 51 39 32 44 33 40 50 57 40 43 45 47 47 39 49 53 53 68 52 47 43 41 46 51 50 41 61 58 50 36 51 34 38 41 41 53 53 54 52 41 42 55 56 70 39 54 46 56 34 57 68 49 46 49 56 32 55 42 45 48 46 48 43 45 35 32 42 49 38 35 50 46 79 56 53 92 37 63 45 55 39 41 55 82 31 40 45 38 37 44 66 54 49 61 54 39 50 65 51 54 52 61 43 42 44 48 58 39 45 55 58 37 57 31 32 51 44 40 41 50 48 45 49 48 39 42 40 41 31 54 59 45 47 52 57 45 57 47 58 35 57 62 34 40 39 54 38 64 72 50 43 43 48 49 92 52 49 41 55 39 61 61 60 34 48 70 64 40 65 35 38 37 50 31 41 48 52 32 48 50 36 43 49 43 38 39 43 40 42 39 32 54 77 47 62 30 62 54 44 40 37 60 43 41 42 43 70 51 76 66 66 51 40 62 65 49 49 49 38 43 56 45 49 53 48 43 41 48 50 31 41 46 46 43 43 38 43 54 58 39 70 67 53 49 36 42 29 53 52 45 35 39 38 55 37 59 47 59 52 37 39 38 42 54 61 45 35 36 56 45 74 42 52 63 49 42 47 34 62 38 49 42 72 43 53 42 48 33 62 42 77 54 72 53 37 62 41 44 37 48 57 49 40 80 45 49 40 42 54 46 50 47 77 54 69 52 58 68 49 50 47 34 39 37 52 44 44 57 44 42 43 64 41 47 38 45 45 39 35 45 54 42 48 50 64 40 74 55 55 40 47 44 45 41 51 36 50 54 59 37 90 44 37 41 47 37 48 38 50 56 57 47 51 66 77 77 54 54 41 49 40 47 43 48 52 30 48 46 40 52 37 43 38 70 56 41 69 41 49 57 41 29 49 41 51 55 52 35 50 41 46 88 47 66 49 36 39 45 34 104 41 36 58 50 50 43 44 33 36 48 44 51 47 46 40 54 62 35 86 37 44 45 46 49 50 44 38 38 40 57 39 65 36 47 31 55 50 39 43 78 49 56 55 44 49 49 44 53 41 47 53 62 50 47 43 69 61 38 36 43 42 48 50 51 38 34 58 49 47 39 37 69 96 48 84 55 52 52 41 39 61 41 57 36 35 43 39 44 54 42 36 44 35 46 46 38 62 44 56 52 64 46 33 70 66 43 46 37 37 31 57 43 52 56 45 67 65 35 72 39 46 59 74 54 81 68 56 37 50 38 35 57 34 53 41 47 46 56 46 41 37 48 55 39 53 45 62 96 40 41 64 50 47 44 63 38 46 47 54 36 64 47 57 44 68 38 63 52 52 41 75 43 36 46 43 46 45 45 32 63 42 36 65 41 35 42 59 67 38 61 40 90 31 33 62 93 35 43 53 47 79 45 52 54 63 46 33 42 44 42 74 42 36 45 46 62 38 35 62 50 44 31 50 52 48 46 52 59 38 58 44 36 32 49 50 40 86 39 36 67 60 60 46 47 50 58 47 59 52 36 44 41 38 49 52 50 50 46 47 58 43 39 58 41 49 43 52 62 61 44 38 38 31 44 47 41 69 32 47 37 32 67 44 45 48 46 38 59 46 52 72 38 40 32 31 48 41 40 35 59 67 61 58 90 35 44 36 50 46 39 46 70 34 48 55 33 43 50 45 57 54 64 58 34 36 46 47 43 55 27 66 51 54 44 46 40 47 49 53 36 40 54 43 74 54 44 44 52 37 51 47 43 40 46 37 40 39 49 45 42 59 72 29 50 46 48 63 54 39 64 38 63 52 41 34 55 48 40 51 70 34 41 46 43 52 39 43 46 50 57 51 35 44 53 70 29 57 77 53 35 44 42 52 35 92 57 52 37 27 49 45 35 33 65 37 37 46 36 52 37 60 41 52 49 55 32 43 67 35 62 61 43 59 64 53 36 38 43 37 42 44 42 67 53 51 54 62 52 35 70 30 82 56 55 38 67 41 31 44 54 48 64 39 63 83 39 46 48 40 43 63 61 34 38 40 55 30 43 53 44 45 107 38 42 49 46 51 37 40 39 42 38 43 63 53 46 38 60 59 50 54 66 67 36 92 48 63 56 66 48 61 52 36 52 38 45 40 45 50 40 42 57 33 33 73 35 51 36 74 75 48 56 31 42 40 50 48 47 36 48 61 66 32 54 44 59 73 45 34 42 42 34 58 58 41 66 47 43 55 49 60 38 51 99 38 35 39 43 47 54 49 46 41 70 39 56 51 45 52 48 46 55 42 41 52 46 28 59 54 38 43 48 47 49 45 47 65 51 49 38 68 41 59 40 43 36 63 36 65 58 35 76 50 49 40 45 55 44 46 77 68 35 49 78 54 58 36 52 53 50 46 44 38 32 61 71 39 46 33 46 39 51 60 40 39 51 55 45 50 58 47 42 44 51 63 46 44 51 47 49 57 52 43 31 49 57 30 31 48 53 78 39 44 42 50 34 30 44 41 52 52 44 70 53 52 65 59 35 43 42 36 35 51 47 69 42 41 41 28 41 43 55 65 45 48 54 52 36 36 40 73 46 57 54 41 74 99 50 57 38 43 53 49 42 37 58 55 69 77 40 37 61 76 44 64 53 39 44 56 76 34 36 63 50 43 52 51 74 70 45 59 64 33 70 39 48 54 53 36 85 53 49 62 47 53 48 61 56 56 59 32 35 52 53 45 33 39 65 61 41 55 73 64 47 53 61 53 48 45 53 46 52 39 41 49 43 62 42 44 81 39 60 47 75 36 49 38 47 57 70 45 62 33 50 44 39 55 38 79 41 44 73 63 31 36 41 51 59 29 43 43 39 40 60 66 51 63 82 38 46 31 58 51 42 54 48 51 36 40 51 63 28 77 45 53 55 44 52 75 37 60 52 51 41 84 60 42 65 35 60 41 34 39 55 40 63 59 43 38 48 45 86 47 41 31 62 33 55 37 56 54 65 38 36 81 65 45 43 62 43 50 37 53 51 40 45 40 34 45 50 39 36 38 56 47 117 49 38 60 99 45 48 36 35 33 57 50 62 45 34 39 55 53 91 59 37 46 56 57 51 51 43 38 24 38 46 50 40 46 73 34 39 81 72 50 42 51 30 44 45 52 49 42 43 46 57 51 35 71 43 32 39 64 54 54 40 41 58 36 59 43 58 54 44 46 44 43 56 24 47 41 52 45 52 41 61 53 38 33 39 73 52 72 36 37 93 83 49 78 37 83 57 44 42 45 44 77 44 49 64 65 47 119 40 45 46 38 52 60 71 44 59 49 62 38 92 42 44 37 69 47 76 78 59 49 61 51 49 47 42 43 36 37 59 50 42 60 69 32 61 36 47 69 45 43 46 38 48 50 44 53 36 65 47 60 57 40 58 45 39 62 42 51 33 71 33 52 48 28 56 32 46 38 34 60 60 76 39 52 42 51 37 52 52 43 41 46 34 90 44 48 53 69 55 38 47 34 35 61 41 53 38 40 66 50 58 43 43 81 36 49 36 77 41 33 45 39 58 52 42 30 51 46 35 38 52 42 48 58 30 40 80 39 36 66 41 54 32 57 52 62 48 56 42 53 37 39 50 41 41 42 93 45 48 53 39 42 38 59 58 45 53 41 40 47 41 58 60 55 41 47 57 47 47 62 95 44 32 63 42 67 48 57 60 51 44 37 29 51 65 72 33 56 52 57 35 31 46 40 37 41 59 47 54 41 40 82 37 56 38 32 53 47 44 52 48 43 40 43 56 57 39 42 51 62 48 67 40 40 47 73 46 76 45 37 38 34 57 42 38 42 49 47 69 47 51 41 64 62 36 38 52 38 37 54 41 44 41 48 65 62 46 41 107 69 67 62 51 62 49 37 38 86 52 52 45 72 43 37 51 51 40 56 41 44 43 53 57 98 43 47 40 47 43 69 51 49 83 46 67 57 68 45 50 71 56 50 63 73 54 56 36 64 41 37 45 39 43 44 27 40 53 70 63 39 32 42 45 42 59 38 46 44 58 39 61 50 51 40 39 40 58 39 65 61 58 57 37 47 46 51 34 83 85 54 51 37 45 41 58 42 81 42 49 47 60 72 45 41 36 45 47 43 46 55 43 45 51 56 50 59 33 49 54 66 54 43 61 34 40 33 58 62 51 37 51 37 83 65 36 43 60 57 43 40 74 51 34 41 57 44 69 42 52 43 60 76 66 42 42 56 41 60 60 48 53 59 34 32 58 43 56 47 43 40 42 34 66 53 63 45 60 38 65 49 48 53 33 80 40 72 45 43 57 75 55 75 53 52 62 66 51 59 38 48 40 55 45 56 61 58 60 50 66 43 47 56 45 50 61 59 52 52 60 56 48 39 67 44 44 49 59 26 60 47 33 51 47 35 46 79 42 43 33 56 42 60 64 41 43 59 41 55 66 41 61 37 52 39 61 33 51 43 72 53 60 58 48 45 56 34 51 46 49 35 38 43 37 61 43 85 66 33 47 58 42 51 46 58 49 60 43 54 50 40 46 57 30 84 34 48 34 74 51 38 71 52 50 51 34 59 38 50 51 61 31 46 71 45 36 54 30 37 53 51 63 72 38 42 38 57 35 49 40 39 60 51 88 42 42 54 53 39 43 84 54 60 87 62 52 40 50 46 50 44 55 57 36 52 66 50 69 50 72 47 77 37 37 45 57 43 56 39 37 34 61 57 64 40 40 41 35 59 47 62 62 47 48 47 75 61 37 36 38 53 29 37 36 42 56 40 53 46 47 45 45 49 51 38 57 42 60 37 53 38 46 48 44 53 49 38 53 29 31 32 53 32 55 51 60 52 44 36 46 38 38 38 58 51 51 46 43 41 48 63 33 55 39 45 42 35 52 36 42 35 52 42 36 34 46 81 40 48 39 65 37 37 42 61 39 54 39 63 46 33 46 46 60 55 70 51 39 37 43 37 41 53 59 28 63 78 53 37 53 34 67 47 47 43 38 46 40 43 49 36 52 76 57 61 52 54 62 37 44 57 61 64 65 44 51 59 60 77 39 50 48 36 32 40 56 38 58 60 73 63 51 38 52 56 33 46 52 40 48 39 45 49 38 59 30 53 46 49 40 60 54 45 44 44 39 46 65 46 43 66 45 58 54 48 36 39 37 48 81 35 49 62 65 33 42 45 45 47 38 55 75 49 43 45 51 52 33 43 43 64 44 55 34 48 64 70 37 32 56 52 90 93 60 55 62 46 40 100 29 74 52 56 58 41 44 36 66 73 70 39 34 39 58 47 97 47 50 43 48 38 53 44 50 40 52 44 59 37 45 35 46 34 51 49 51 41 45 45 51 36 37 53 50 49 46 50 47 50 61 63 88 43 45 47 49 34 37 44 37 49 45 50 46 42 41 56 47 46 39 52 33 48 46 46 43 44 41 51 79 65 47 43 43 58 44 41 52 25 50 40 45 59 31 35 38 35 44 39 53 37 46 52 51 44 61 37 57 37 43 49 41 45 30 51 50 40 33 53 47 48 32 46 33 40 55 37 52 42 45 36 58 41 47 57 52 38 71 46 42 44 50 63 37 48 51 47 62 36 46 42 55 69 39 64 47 51 66 41 56 49 43 64 56 37 52 39 40 48 51 57 38 51 39 36 46 41 42 47 100 72 48 36 52 61 64 44 49 42 42 50 36 52 52 55 42 37 33 39 49 37 60 40 35 58 33 40 44 82 76 40 48 44 31 37 33 61 88 40 45 72 55 72 57 36 39 55 47 46 56 48 45 42 53 48 47 42 34 55 47 57 48 45 32 45 60 47 40 48 63 37 50 41 51 45 57 58 37 93 71 53 50 78 29 59 58 54 45 34 48 34 42 50 67 43 42 51 50 50 33 37 35 57 32 35 55 42 40 49 50 45 42 32 41 51 54 51 90 51 50 43 60 48 46 72 43 39 65 76 59 52 52 47 49 55 60 52 50 41 69 37 37 66 51 41 39 43 32 51 32 44 66 61 54 37 38 48 40 68 71 53 55 33 39 43 45 38 45 52 51 71 65 52 34 45 51 42 36 47 89 53 69 50 63 51 53 54 51 40 60 61 37 38 39 35 52 51 58 30 31 51 65 32 46 66 39 42 77 28 56 41 52 60 43 62 47 54 40 47 38 52 58 35 68 51 49 52 57 45 36 35 62 81 35 55 51 43 38 35 54 62 62 49 71 45 43 34 32 35 49 41 43 44 42 68 56 58 66 59 38 48 50 39 55 46 83 46 46 60 59 49 41 66 41 58 35 79 37 54 39 72 51 43 54 53 52 29 60 45 34 40 41 67 40 55 75 42 55 43 47 52 65 55 47 37 47 52 51 54 45 34 43 36 56 52 42 40 34 54 41 61 45 37 43 41 37 52 47 39 52 52 52 88 38 66 36 66 45 40 48 36 38 39 34 52 77 48 63 44 55 47 62 54 68 48 66 48 48 40 37 55 76 55 50 59 43 41 58 63 49 69 28 68 59 42 68 44 46 67 68 44 51 52 59 39 78 37 61 54 41 50 46 45 47 64 59 49 48 41 65 46 48 44 38 62 46 49 44 62 33 50 51 65 42 74 49 74 38 39 36 52 58 34 43 44 59 40 51 45 59 47 47 51 66 54 43 70 51 57 52 47 46 40 68 38 36 36 41 50 68 40 49 32 48 57 48 63 49 33 40 37 36 40 35 36 54 37 50 52 50 76 65 46 57 88 36 32 78 59 62 59 73 51 59 55 32 68 41 52 64 58 45 55 55 55 42 49 51 34 49 49 43 39 55 48 41 50 49 33 53 42 46 39 39 54 60 65 57 58 37 57 39 50 50 44 40 32 103 52 51 54 45 45 51 60 52 39 35 49 56 46 39 79 46 45 59 43 41 68 52 43 51 51 55 82 42 42 52 55 33 47 48 61 51 82 42 40 28 51 53 70 36 59 78 34 41 57 59 43 61 40 77 37 52 36 36 55 42 61 35 52 46 83 65 44 82 29 41 51 62 37 48 40 48 36 48 75 55 61 35 37 38 38 54 44 43 41 45 36 58 70 70 57 49 35 62 60 42 38 55 43 24 42 56 45 51 48 33 47 27 37 33 49 54 43 47 40 68 59 53 43 75 47 72 43 75 56 41 49 38 42 67 66 61 41 59 49 49 49 36 57 47 65 42 65 51 57 34 42 47 49 64 48 24 58 51 69 62 68 53 48 63 69 34 49 45 54 51 77 47 40 58 30 43 53 39 56 54 39 48 52 59 57 46 64 36 51 52 38 38 62 41 42 25 38 45 45 55 44 41 51 57 41 44 56 55 39 44 42 52 101 52 52 48 70 46 37 56 40 50 50 42 73 56 56 48 48 47 33 39 37 59 43 44 38 66 32 40 41 43 49 46 58 54 73 58 63 48 38 56 37 59 41 32 45 47 54 50 77 53 44 40 30 48 66 50 65 51 56 75 43 41 49 52 47 42 59 38 45 50 65 44 38 61 68 54 42 40 38 58 45 72 36 53 60 46 43 76 55 47 62 31 32 78 36 43 43 44 34 55 68 35 39 38 59 54 62 41 48 42 35 49 47 57 63 52 46 65 54 73 40 36 53 47 64 44 51 51 48 31 44 40 37 70 62 62 57 70 48 39 44 82 61 46 60 27 51 37 57 53 44 66 37 38 36 41 51 39 50 65 56 50 76 53 50 41 48 45 53 49 53 62 64 46 43 63 51 44 48 44 53 70 35 56 63 37 45 52 65 53 58 45 47 39 46 45 47 54 50 54 55 78 56 38 40 47 74 50 45 42 41 54 44 37 58 63 40 70 58 68 41 38 48 58 39 34 41 36 66 47 42 41 52 35 31 49 43 32 50 42 75 49 44 38 46 50 57 33 37 34 62 45 37 71 54 46 55 36 54 43 54 31 80 45 43 46 34 52 55 48 42 66 36 37 54 58 68 47 41 41 56 43 43 81 40 33 48 39 42 53 44 63 54 64 47 42 38 47 55 57 46 75 59 55 44 41 60 75 49 84 57 34 50 42 63 41 51 58 39 53 75 74 45 53 102 53 36 48 47 75 47 36 45 44 39 53 40 40 83 38 65 42 79 42 39 42 48 48 47 34 46 39 51 86 47 56 44 40 57 42 57 45 47 56 50 37 41 46 38 51 42 49 54 50 61 47 60 59 68 33 40 41 49 59 75 42 40 49 31 76 54 52 51 39 54 38 52 48 39 49 38 63 37 43 48 29 43 48 56 34 42 35 32 42 46 69 63 46 56 44 54 51 45 52 54 44 62 43 42 50 40 79 62 58 36 59 54 40 35 54 45 44 60 47 52 43 43 67 51 51 50 46 44 52 27 44 47 37 57 32 44 45 58 41 35 51 49 51 45 40 43 40 36 38 47 60 36 45 43 52 46 37 42 48 52 41 54 39 39 57 45 41 71 43 60 55 47 36 40 45 56 29 38 53 45 95 48 93 57 36 35 64 81 82 45 49 49 39 42 41 47 36 40 48 49 55 55 54 46 40 44 45 34 46 53 49 44 44 57 40 58 35 33 45 42 54 43 58 45 51 73 44 47 41 54 67 46 67 40 77 38 49 58 71 53 46 62 37 49 44 53 36 40 56 40 68 47 62 56 61 38 33 40 53 45 67 28 46 45 67 71 55 45 55 35 52 52 39 49 44 47 48 49 55 64 44 29 52 48 49 40 65 42 50 35 51 37 63 43 37 46 38 43 61 45 44 57 51 36 36 66 52 88 52 40 29 46 47 44 51 40 45 40 51 35 38 62 41 60 47 33 45 44 41 31 39 65 39 37 43 70 62 39 50 73 42 63 40 88 49 73 55 65 33 54 55 44 38 41 33 45 46 41 86 61 59 75 35 47 45 63 47 73 48 43 106 60 31 42 55 60 53 46 31 50 76 49 46 39 48 41 49 76 36 59 32 59 40 41 35 31 54 47 49 51 47 58 43 47 64 56 74 54 49 51 52 45 66 72 53 46 53 47 40 48 41 85 57 37 47 33 31 33 41 41 59 42 40 40 58 46 42 38 57 53 41 45 69 47 47 44 51 45 63 46 59 53 67 59 46 62 49 53 41 43 59 43 43 63 49 50 68 37 36 55 43 41 35 48 41 58 39 43 39 80 79 48 33 40 47 38 62 37 57 37 55 40 40 56 63 40 32 60 64 39 62 52 43 78 41 42 31 55 36 66 37 49 47 48 42 60 49 45 53 47 41 47 80 42 32 46 35 55 32 43 44 34 62 57 48 48 55 78 51 55 39 38 56 48 44 49 57 48 57 62 43 39 55 41 47 58 40 58 56 54 36 66 66 107 50 47 46 49 32 47 62 44 49 63 51 49 51 29 53 42 46 57 53 49 35 56 42 77 33 38 55 40 41 41 48 45 42 48 64 49 46 49 50 53 46 41 46 62 41 53 37 57 62 36 42 41 52 65 49 64 40 40 37 38 53 37 52 31 40 40 35 30 65 56 52 39 77 54 52 45 64 44 66 43 36 96 43 50 39 60 56 64 50 43 42 66 37 42 51 77 66 42 54 43 67 32 55 48 43 46 76 47 48 51 43 46 47 65 33 69 31 73 47 37 37 58 38 53 39 63 60 47 38 45 39 56 50 36 42 50 47 42 42 54 42 46 64 45 41 59 80 47 40 48 54 43 53 35 49 30 39 46 40 45 33 57 51 39 41 66 51 41 44 44 37 46 46 52 50 59 46 48 35 48 51 70 52 47 68 39 54 53 38 54 44 42 46 49 49 63 70 46 47 28 98 62 39 62 60 43 49 43 43 64 42 51 36 45 77 62 34 54 61 41 39 42 45 32 53 74 40 31 53 43 54 49 49 41 41 53 43 73 53 61 62 53 49 48 50 31 48 34 55 50 39 41 40 43 43 60 47 61 47 45 54 42 41 39 69 30 61 58 43 41 41 57 49 49 51 40 57 44 42 41 81 49 40 71 49 76 47 39 52 52 53 42 79 41 66 44 34 45 62 44 37 43 67 54 59 57 43 35 61 48 43 41 44 61 53 41 83 63 64 32 43 47 48 38 74 58 57 39 59 62 64 44 53 76 52 51 38 64 66 56 50 45 42 35 39 36 52 41 46 58 43 40 43 64 38 42 75 38 56 49 37 53 59 49 45 52 70 57 48 49 35 43 43 65 67 36 36 65 48 59 77 44 42 56 79 43 61 59 39 54 65 71 64 45 47 67 37 42 44 52 34 46 81 44 48 41 35 68 112 54 54 36 93 41 52 83 46 49 62 35 38 52 69 42 33 61 33 50 41 60 45 50 49 53 45 60 43 34 40 51 95 45 45 54 37 40 45 41 65 38 44 52 48 51 48 49 42 40 41 62 60 35 45 35 48 43 42 57 47 51 37 47 71 44 45 52 43 34 50 46 38 47 34 58 50 46 50 46 47 43 60 57 43 42 53 59 72 71 35 45 46 56 35 59 57 53 66 56 32 57 42 32 58 53 43 37 47 57 56 55 68 55 52 39 54 56 47 41 41 46 54 40 64 44 66 39 45 80 32 54 65 59 63 48 37 46 64 58 46 39 41 52 45 32 43 29 65 44 36 39 40 46 60 63 41 57 36 46 54 44 55 35 36 60 50 62 38 86 80 41 42 37 79 47 42 63 39 46 58 40 67 54 57 54 76 43 37 75 37 60 46 46 34 40 37 54 39 35 43 46 61 33 63 48 32 59 50 54 47 51 41 42 77 46 45 34 59 52 38 39 31 41 59 38 49 52 46 47 49 49 49 63 37 36 82 47 36 61 43 47 73 36 35 47 62 65 41 52 56 38 41 52 38 51 64 44 52 50 33 60 50 43 51 42 47 64 45 58 52 51 60 48 37 69 34 50 46 41 35 44 53 59 47 50 46 65 42 61 78 54 46 50 44 40 34 51 51 39 56 45 81 56 53 57 48 32 43 56 58 28 48 65 61 52 38 44 42 57 52 44 57 50 45 53 40 35 40 68 33 59 39 70 46 58 64 56 85 42 35 55 53 56 42 66 54 42 63 42 44 52 57 49 35 72 62 50 46 68 96 34 44 49 48 38 42 51 42 66 66 50 44 38 50 75 69 50 55 42 47 54 41 90 52 37 39 56 62 49 47 40 40 47 43 39 57 57 56 51 37 88 37 41 47 48 50 32 49 44 70 47 44 39 41 37 43 55 71 57 57 42 80 44 47 35 43 42 37 63 41 56 38 65 48 41 67 48 42 63 69 53 47 78 55 42 36 79 52 49 42 40 37 30 54 48 48 42 39 44 56 40 71 59 46 33 35 34 48 39 42 46 50 62 52 35 48 33 42 53 47 33 55 34 48 47 46 33 58 45 59 49 51 51 46 44 56 49 61 50 60 47 45 46 50 41 60 48 32 42 38 30 51 75 42 38 53 58 57 48 43 59 30 53 41 42 42 44 60 44 53 61 64 56 49 51 55 41 58 45 44 59 52 31 41 47 57 66 44 44 64 44 50 41 43 49 41 41 53 42 52 51 53 50 40 57 47 51 48 61 64 46 44 55 49 54 58 40 46 54 47 36 63 55 58 41 43 64 53 39 43 37 29 52 56 54 36 72 46 46 64 57 56 39 75 43 42 31 62 43 28 32 36 58 58 45 52 63 70 52 37 46 54 81 41 81 52 36 58 42 38 44 45 37 52 44 50 49 44 39 51 51 49 49 33 39 51 62 65 35 36 56 42 49 46 42 91 57 68 70 36 32 48 57 54 109 40 35 112 35 34 47 74 40 36 46 43 83 36 37 43 55 39 61 40 50 60 51 55 65 44 52 42 63 82 72 49 62 66 58 37 50 64 37 56 50 38 55 37 58 71 43 89 51 36 59 44 24 43 52 44 58 48 35 65 45 48 51 49 43 50 45 85 58 63 41 53 60 43 97 59 54 46 43 41 46 35 49 39 37 51 36 54 49 31 43 52 50 64 51 37 36 52 65 34 34 50 58 41 37 57 62 60 62 62 48 56 45 49 49 32 46 45 39 43 50 55 58 42 55 41 57 42 56 41 28 41 42 42 42 56 44 40 56 41 54 43 47 32 61 60 46 36 49 76 38 79 58 54 50 76 76 46 53 60 35 44 37 45 51 61 56 42 83 57 37 36 45 79 36 29 59 82 34 70 33 36 39 32 38 38 40 59 55 47 38 34 43 38 59 34 88 39 50 49 74 41 44 41 57 44 39 70 58 37 67 35 49 43 52 35 62 35 54 45 40 59 50 41 39 37 52 43 42 43 67 43 66 35 40 46 58 49 43 54 48 42 51 47 51 34 55 57 46 32 43 46 34 54 44 39 41 41 37 49 32 46 39 74 52 47 63 53 86 28 79 42 69 38 44 47 46 39 50 49 38 41 45 50 64 31 48 42 32 46 58 62 39 62 43 46 60 57 62 42 43 41 47 55 83 47 49 50 74 58 43 42 39 72 59 47 46 30 47 54 46 44 55 48 36 53 54 39 60 44 42 48 37 37 46 28 43 49 57 41 57 39 56 37 43 46 38 31 55 71 45 43 38 46 72 53 41 43 68 43 26 36 63 91 71 35 43 42 42 54 51 47 48 51 41 35 57 51 50 49 60 41 83 41 65 64 34 49 55 29 39 58 57 41 67 40 88 50 43 40 36 36 44 40 58 51 58 61 51 37 78 42 42 38 88 49 57 57 53 38 31 55 42 36 49 54 51 41 67 37 50 57 60 43 25 52 49 65 42 47 47 41 70 45 49 47 38 68 66 64 49 55 39 40 42 40 32 62 38 37 51 70 34 45 39 30 65 39 48 47 40 31 48 73 43 82 42 68 39 63 40 44 41 55 50 45 39 58 43 39 35 52 48 61 47 72 39 40 42 38 50 47 44 39 38 43 41 48 66 40 43 48 52 34 54 61 61 59 34 43 48 79 40 40 49 47 70 44 40 64 51 60 41 41 49 51 42 51 74 60 33 99 54 62 54 59 52 34 52 68 34 55 52 44 54 46 40 47 43 76 76 57 65 47 36 40 47 127 50 45 55 65 52 51 33 48 48 34 67 60 50 36 34 46 67 67 56 45 73 70 49 52 41 74 42 64 56 40 49 46 47 56 45 87 40 45 36 45 53 42 60 41 47 41 44 55 51 62 58 53 36 46 45 57 66 40 50 35 42 37 36 58 40 55 41 68 62 32 53 47 41 64 42 68 38 32 62 39 41 72 49 43 49 32 46 72 32 48 63 41 32 36 50 29 41 37 32 74 52 51 48 38 53 49 49 56 52 33 35 87 55 35 55 55 57 50 50 34 98 39 41 49 51 36 47 45 45 46 36 48 38 44 55 39 56 55 37 45 47 50 52 49 38 56 59 42 50 50 52 55 50 47 50 39 37 43 64 60 37 36 42 58 51 66 35 101 24 47 52 37 47 70 42 45 52 49 47 77 39 53 39 60 51 32 40 53 45 56 32 43 52 51 32 39 69 49 47 72 41 52 82 51 43 43 58 60 50 56 58 63 55 38 42 65 41 54 35 65 80 57 51 34 64 49 67 48 31 55 30 43 64 47 41 48 38 65 36 51 44 58 66 41 57 42 53 43 39 55 51 46 46 47 37 37 49 36 49 49 50 45 44 44 43 46 55 43 41 50 47 59 35 62 44 39 48 38 48 40 46 54 57 58 53 63 31 40 43 72 40 67 63 33 45 63 45 49 62 49 37 45 37 58 50 38 47 67 40 46 47 32 38 63 57 46 67 30 50 44 40 31 57 57 81 43 60 47 55 50 49 66 33 61 65 35 46 50 63 41 47 38 45 49 50 46 62 40 57 44 42 45 47 38 45 35 58 40 45 46 56 36 58 37 42 55 52 83 40 58 49 66 45 44 39 50 41 41 38 42 53 36 63 61 70 91 64 42 44 59 60 44 40 48 50 60 45 41 47 49 56 71 43 49 48 72 109 37 45 60 39 49 42 55 60 40 44 40 62 57 35 37 37 42 52 57 50 63 37 38 38 53 51 58 38 58 77 35 62 43 52 60 51 32 40 61 61 44 41 49 46 44 45 37 43 45 52 40 45 56 60 85 48 46 44 47 46 31 36 44 44 49 63 35 40 30 45 37 41 56 80 39 36 64 58 74 71 51 67 52 55 57 39 39 40 43 38 41 49 57 76 33 57 37 39 38 48 33 56 63 53 68 47 45 40 52 59 56 42 47 31 53 50 55 48 51 47 54 38 41 53 71 39 50 53 54 84 43 49 55 43 66 58 46 39 38 77 61 30 48 33 51 68 54 28 43 45 59 74 62 51 30 61 39 62 50 40 61 71 39 45 42 53 51 64 44 48 41 32 50 36 42 56 44 51 36 35 36 71 47 40 48 47 54 43 54 76 39 54 50 49 50 39 40 40 43 41 49 39 46 41 45 72 56 100 55 69 61 52 70 32 52 41 43 40 46 39 52 37 54 45 56 45 56 31 63 43 34 52 44 53 47 70 53 49 49 54 45 58 35 43 55 60 60 51 50 74 77 48 47 42 43 62 50 40 69 61 53 68 54 37 60 38 53 58 72 57 61 45 63 43 38 44 42 52 47 78 58 48 50 57 50 44 49 29 84 42 51 74 33 43 44 50 44 48 43 61 53 51 37 61 32 43 50 50 54 44 60 49 57 41 35 46 64 53 39 62 41 36 47 40 48 68 57 40 54 42 34 37 46 37 50 45 78 44 33 73 44 51 45 45 46 50 50 51 47 40 51 35 48 40 43 58 52 49 39 43 41 58 42 75 54 47 42 66 49 29 36 44 39 46 62 47 49 52 46 40 40 75 31 47 81 40 41 65 55 65 63 86 51 64 51 48 36 47 48 51 52 67 51 56 54 47 43 43 43 43 40 40 40 49 45 42 37 38 52 55 70 41 49 48 53 50 42 45 43 35 69 62 46 60 31 46 57 58 39 51 41 43 43 45 54 30 32 69 49 48 37 51 32 62 59 55 58 43 35 42 39 58 60 39 56 57 47 42 85 65 44 55 49 44 65 61 52 49 43 79 66 41 50 61 59 50 33 43 61 54 66 51 50 51 62 54 59 47 47 53 63 47 49 52 74 51 71 44 48 54 43 41 50 42 40 71 75 48 50 37 48 92 49 68 46 54 53 65 44 53 46 44 72 65 47 56 37 53 35 39 49 61 33 45 30 41 44 31 37 43 58 43 45 74 35 54 61 57 48 48 49 55 51 71 49 57 83 60 46 39 63 38 52 59 32 55 58 66 51 46 50 35 38 46 44 96 46 41 83 50 86 50 55 40 54 52 50 66 37 78 41 73 91 63 39 39 49 43 50 62 43 37 42 49 65 36 54 42 44 56 47 68 53 59 38 32 48 41 41 63 49 36 63 36 57 41 57 49 59 43 46 41 55 34 47 41 30 51 47 55 31 39 37 46 55 37 49 45 45 39 37 39 49 43 80 48 50 59 65 48 63 39 68 52 58 47 37 61 46 47 56 72 58 45 58 49 58 37 58 38 49 52 43 46 58 52 58 45 41 66 51 33 37 57 32 44 49 52 43 54 55 51 33 53 31 44 46 78 66 45 51 38 40 56 47 44 37 59 44 54 44 57 44 57 36 38 56 48 43 46 44 49 48 41 44 59 44 48 41 46 49 62 40 65 35 47 60 35 48 36 38 67 39 28 78 52 52 50 40 45 83 41 60 39 47 50 48 44 38 33 52 44 44 44 52 34 67 47 36 43 50 42 120 44 56 55 52 50 46 63 64 43 36 42 33 55 51 53 45 45 56 39 39 43 42 46 38 76 31 50 48 63 50 46 56 66 45 36 63 54 105 36 49 66 42 61 64 41 57 38 52 42 44 62 53 50 49 56 45 67 54 43 53 47 48 69 35 46 40 72 53 38 47 39 51 46 82 65 39 44 63 32 67 59 66 54 37 57 54 71 40 74 49 89 51 48 44 40 50 33 41 34 66 33 36 44 60 51 36 36 57 51 34 37 45 39 54 81 39 46 42 34 43 62 39 38 48 33 51 72 50 39 36 84 44 54 36 51 41 51 68 56 39 47 46 40 31 51 58 43 40 61 30 37 75 84 66 54 38 54 34 45 78 70 49 59 47 60 58 40 43 48 38 42 61 49 42 50 50 65 44 44 41 44 51 38 55 46 55 38 60 62 44 53 29 50 65 60 31 57 47 42 49 41 44 37 65 49 47 69 43 43 52 40 36 26 84 38 34 35 40 39 57 44 50 57 43 28 39 37 48 81 55 68 45 41 48 52 50 33 47 73 30 38 59 43 49 45 44 60 96 45 50 75 59 59 48 28 48 43 40 52 64 46 31 87 50 64 41 37 55 43 56 49 40 60 55 48 55 61 40 48 65 49 35 42 81 39 64 50 82 98 40 52 49 59 39 43 42 54 39 61 58 79 41 36 44 37 51 48 42 50 47 39 54 50 46 48 37 59 40 37 43 44 67 55 46 38 43 53 64 43 46 40 52 45 57 38 47 56 42 44 52 51 53 43 42 60 55 36 43 48 64 42 46 47 30 43 60 41 48 36 47 37 44 51 36 53 64 46 60 36 70 47 49 36 39 47 69 51 54 26 48 49 51 68 53 41 43 46 57 36 57 65 32 37 66 55 38 33 50 52 56 40 46 69 45 53 41 48 48 35 68 66 39 62 51 56 50 57 68 37 41 44 42 41 65 38 62 73 35 83 100 40 68 62 66 47 62 41 88 40 58 50 48 43 45 45 44 80 46 34 41 36 40 53 36 59 92 89 68 68 50 55 40 37 47 49 36 44 51 33 52 50 71 41 34 47 45 47 53 70 58 43 55 49 50 40 56 68 37 74 45 60 43 62 48 49 30 42 46 51 91 34 35 85 42 33 41 48 43 75 37 65 67 58 42 47 48 68 48 41 53 41 45 34 60 38 37 42 63 53 45 36 34 51 36 39 69 41 42 54 65 44 54 42 40 52 43 41 62 44 42 59 58 42 37 59 58 51 47 41 54 51 32 45 80 43 47 41 53 46 51 37 43 59 57 40 48 40 52 42 42 35 45 41 34 61 52 88 44 72 49 62 40 43 55 54 66 38 46 36 56 65 57 43 42 39 66 78 59 32 44 40 62 57 53 35 53 38 79 37 59 57 53 62 31 64 37 58 58 36 34 45 45 45 35 67 47 55 38 55 53 61 64 40 43 38 39 63 41 48 40 48 40 25 55 51 41 55 58 51 65 53 34 54 41 49 55 47 45 48 39 44 39 73 39 40 71 46 43 56 71 47 72 38 53 61 38 31 73 51 61 45 52 48 54 52 61 32 55 41 57 49 54 35 61 47 47 32 50 48 51 53 45 59 32 63 46 46 39 48 47 50 42 37 46 55 50 42 48 52 47 36 38 68 46 50 52 49 38 34 54 54 46 50 51 53 34 56 37 44 51 40 46 42 53 54 39 41 48 52 32 62 48 41 43 65 46 49 57 46 63 50 38 38 36 45 48 37 51 35 42 53 37 51 41 39 42 33 45 51 54 57 53 42 64 53 37 53 51 58 48 53 50 38 54 41 46 55 64 44 51 48 55 48 39 63 58 41 44 52 40 37 68 44 39 45 39 29 47 44 42 67 37 74 63 57 37 37 50 38 43 65 43 50 49 65 36 58 57 51 57 59 44 70 72 60 51 54 63 47 46 41 43 44 73 60 40 34 58 49 40 43 55 38 51 47 45 50 52 38 36 44 41 50 44 50 58 45 36 78 36 61 45 45 50 47 58 45 44 75 47 41 59 57 52 38 47 38 41 60 56 40 37 48 59 54 55 64 50 45 46 40 46 34 57 56 52 45 46 48 58 45 50 50 31 41 35 50 64 41 54 116 42 86 48 49 50 74 86 81 47 43 51 55 65 41 61 86 74 39 42 67 32 39 47 65 50 45 42 71 58 71 49 41 31 43 46 46 31 61 39 38 40 57 50 50 38 48 48 40 35 56 54 42 57 40 44 53 37 53 49 46 76 68 43 53 48 50 57 54 56 67 49 35 44 50 58 40 44 33 52 88 80 26 59 28 46 38 73 48 68 45 95 74 39 64 46 41 51 56 68 61 64 51 27 43 44 62 60 65 39 41 45 72 54 44 47 49 63 39 51 58 41 55 42 50 34 89 35 50 79 132 40 45 54 38 54 40 66 43 59 46 45 49 43 44 47 43 38 37 63 49 42 38 43 84 40 35 39 55 70 31 44 37 35 47 55 43 59 58 50 39 47 70 62 41 29 40 58 37 54 45 44 37 57 54 40 52 66 94 43 58 36 53 69 40 69 48 69 41 63 55 59 44 49 52 32 52 47 38 33 71 55 55 46 51


# name: ans
# type: scalar
4


# name: delta_est
# type: matrix
# rows: 1
# columns: 151
 -0.019607843137254971 0.45434520562624953 -0.038177020927030597 0.45335901455301614 0.25235878605980533 -0.016464522035806728 0.46472970950711928 -0.15313848797369009 0.22494895825926023 0.12952331972851339 0.04269288977704816 0.59575664176688525 -0.080528662037367693 -0.16142817575576812 0.082648135206390416 -0.13249464566570446 0.034305015274277012 0.23602351635567967 0.060586876281376045 0.13688763934572981 0.0422765275973358 -0.14323518179303538 0.20271995778959218 -0.041849998961260571 -0.070784086030148963 -0.31403955310881149 -0.1884041140132571 0.19978148945512683 -0.04703922632519314 -0.14178465841859764 -0.1636403979968544 -0.091787835576611077 -0.025634303035343559 0.12031419023253706 -0.095217216781401798 -0.015349246311841813 0.017068721414287835 -0.19775054911295692 -0.13985061683534097 -0.078655067164590531 0.20182351329560616 -0.018286109944136569 0.049819379239660483 -0.16250178026012738 0.13220533586445316 0.07778593585384172 -0.024895930711992115 0.096931473496323084 0.05434779116290131 -0.093934927873400575 -0.067164179104477612 0.09303606268361117 -0.014844388011513859 0.076057752105794518 0.29554357178600554 -0.046990604243627998 0.017173409379943883 0.027836384663354474 0.017198994191363753 0.068144847167400796 -0.030646365467208447 0.023173185843131661 -0.058102531843156613 -0.10798977519118499 -0.010150276382728113 0.050138060509936078 0.030733167663562211 0.045775154851602079 -0.078492496875392365 -0.082313343909912184 0.11293151595462209 0.046664541144202792 0.0044597751050932943 0.010522600955362726 0.0019746915733298565 -0.046070087430353096 -0.020032194487744764 -0.0047736783796450966 0.025934034388531702 -0.0075975037312417393 0.0043066865628085815 0.017747518238123705 -0.066076524946157289 0.11976528568073297 0.038468414672679502 0.0090340922634839227 -0.038638101758981108 -0.040103277104585611 0.032364437275128471 -0.047938716899418449 0.07985169344547835 0.039479937079289484 -0.00053312493652674098 -0.011143925641563523 -0.012140154930090491 -0.03997070978452727 -0.021339250379255464 -0.034301374923959987 0.07257537264013833 0.012073533299529343 -0.027993779160186694 -0.020826119271648152 -0.022485338198105498 0.008922338749457609 0.0048177472774033059 0.016492056353788892 0.020796607214191992 0.0077268685960615868 0.001621350388696513 -0.010873579639126552 0.018372545435400567 0.0012590693439283596 0.026038158321648602 0.0033639493879489279 0.038737853228983932 -0.045100591065383722 -0.028460297208073165 0.039909508484433781 -0.010082251850413726 0.0087606892428468419 -0.0094303842930910931 0.021106406263978056 0.0020478437525162096 0.0048540131447008528 0.011471922966813791 -0.0067599534617816814 -0.0076981675679020645 0.0061133692729352374 -0.0103629122053496 0.051088983773081298 -0.0029873013936956849 -0.027165332266842201 0.0021484738513387336 0.0024963035746794482 0.0084490588737062833 0.0034180219974222492 0.0060142623684950047 -0.0013431819117089294 0.015996216916482203 0.0044668701646295716 0.020405188860810608 -0.0059827463138163728 0.0051445915514335139 8.2272614190803672e-06 -0.0071623911665683049 0.0078772708778883371 -0.0031116411349167705 0.010949810170371999 -0.011563229553139126 0.017128996412261038 -0.00016997110491218104


# name: delta_moy_est
# type: matrix
# rows: 1
# columns: 11
 0.10731919750242874 0.11072982758093555 0.047388542202505268 0.047947989885156195 0 0 0 0 0 0 0


# name: i
# type: scalar
5


# name: k
# type: scalar
278


# name: m
# type: scalar
10000


# name: moy_p_est
# type: scalar
28.257884585609556


# name: n
# type: scalar
100


# name: p
# type: scalar
0.10000000000000001


# name: p_est
# type: scalar
0.099983002889508787


